fitnessABC
156.35866750169222
178.23636461251016
182.92112192899833
173.16445012648515
159.27849033688523
196.015320882938
158.86901134960635
166.5059073387892
178.76762678973523
146.9299486961855
181.35841294659724
159.9222147509548
179.43218140244053
166.41527304466058
182.30486267089273
175.09071721786145
151.97712130495609
177.35021382464038
171.8692373663536
165.57476354166465
156.67468498794707
181.94361258319321
191.6536211928734
191.8810108456031
177.57789769255155
177.84379975725346
162.0689709634516
166.54269470034566
165.00075255555242
168.96541922737566