fitnessFSS
7.975823627213693
5.969778043391349
6.033585044343468
6.001170097442245
5.027246385923759
8.984283824364546
9.00786925528758
8.96113136771321
7.015194064022129
7.974752573455904
10.948466397910952
6.964771675071269
8.993224662700587
7.014447027127506
3.979888236262278
11.967676301170311
11.949573590605059
6.964755316732026
9.012720887648422
5.969788615248277
12.93446263596398
8.974285715161061
9.96877551336518
6.023119916213094
4.9830698530991935
10.991658605586904
10.451261359500972
8.004335932265722
9.95719709038381
8.954688464297275