fitnessPSO
199.07596378303492
212.68116452671686
212.86633442669333
236.35092370056594
247.20328070659716
266.51242621571845
254.33736499728568
222.5173752582922
229.15969692884727
227.5279662458403
216.4313148731165
231.96110658424234
254.30188594558194
194.51058077222996
271.55836940104683
224.7249954219323
272.03272271161336
282.6572487141697
187.67316217849108
217.6336820933288
251.62753068556745
254.1478613852794
217.1604782110123
209.31196055722455
178.64002966365723
259.6533044595981
217.96741033202952
242.76684859829146
253.94115340303833
279.44170836763294