gbest	iteracao
401.0974900011586	0
129.43887067983312	50
85.4549093295812	100
53.86626198586636	150
36.33061278484543	200
30.31843082585391	250
24.04445170168482	300
20.0793733736366	350
17.779509595673524	400
12.563845333612356	450
9.178294630145423	500
8.491203691814157	550
7.430315444449434	600
6.662603631601797	650
6.649520278585616	700
5.406689786167281	750
5.293172662478828	800
4.041214363474756	850
4.034472219968	900
3.791914710861249	950
3.705749385581811	1000
449.6420874047176	0
140.2243148204536	50
87.47681937590191	100
54.99944894360102	150
34.59499382038732	200
29.005815730026374	250
27.0606851938234	300
22.944825883618083	350
19.99218409079059	400
16.717868315283923	450
13.187649253952332	500
12.224373238360743	550
10.879284204199935	600
7.979126649177603	650
7.923287155620047	700
7.923287155620047	750
6.190416644527348	800
6.058159006462548	850
5.74006708471231	900
5.661743991789622	950
5.661743991789622	1000
396.5112594566105	0
137.20223009008316	50
81.72737678960836	100
59.230367617110154	150
48.076300244432794	200
37.27708215451554	250
30.098571399594718	300
23.14385282370516	350
15.906119581059864	400
13.778368037599174	450
10.646842155146357	500
9.009240729295938	550
9.004676522497716	600
7.6031899551288245	650
6.350136852781558	700
5.703359049269292	750
5.178270443988506	800
5.178270443988506	850
5.141703726225561	900
4.484389584709323	950
4.474900783486223	1000

448.3578897481051	0
102.8879690936837	50
58.045676619675675	100
37.02755039988956	150
28.925438102440232	200
24.489878083355507	250
21.301503230180202	300
18.394651981721864	350
15.304614667584914	400
12.81460023731465	450
12.001123417048845	500
10.702557434609083	550
8.71973689888484	600
8.71973689888484	650
7.514821327628312	700
6.676532540600007	750
6.40087440283294	800
6.087087954893747	850
5.263935406845734	900
5.020820223203772	950
3.802894446741224	1000
435.7720908215266	0
106.56456905590076	50
72.39301283881903	100
50.4442536625096	150
43.144005759591714	200
31.518421831824377	250
28.05396508892386	300
25.601060135964303	350
20.719322117421484	400
16.943502875804	450
16.938958453016845	500
14.390825108899643	550
12.548337386575065	600
11.378761696769297	650
9.635626841752932	700
8.098643889074944	750
6.623083125014668	800
5.857182860662469	850
5.295860921421436	900
4.292271539138817	950
3.794718505543969	1000
425.079848348587	0
135.3422639490136	50
69.06774558010181	100
50.10440090648532	150
35.819304546078655	200
26.011211418090298	250
20.829567701100025	300
19.911169599084893	350
16.78645027478796	400
15.474520957006426	450
14.402463077753033	500
10.164899740768142	550
8.41669818643824	600
6.949396739522626	650
6.619328943710002	700
5.211292799488106	750
4.241427996393	800
4.112530688755285	850
4.112530688755285	900
4.024409383450148	950
3.488744134802772	1000
452.87927554823193	0
129.4436614740116	50
73.20985348203726	100
44.60321767977459	150
38.87025793476265	200
34.951040385297304	250
23.917588382981766	300
18.50247962472604	350
15.025616872252296	400
13.142043717732841	450
12.367796545668854	500
11.892332947822554	550
11.337878750695154	600
10.263631975730675	650
9.21203606407326	700
7.162574422224935	750
5.4702662640126185	800
5.251419763158296	850
4.802435336833412	900
4.7305324049756905	950
4.542775862185275	1000
456.77303255892195	0
126.26327087077965	50
74.40448699228571	100
52.403615008458694	150
34.651997523981	200
25.987531581292288	250
20.746722317622844	300
16.66198885249779	350
12.347633753777881	400
11.653763689563629	450
10.86414243954324	500
8.092683458086892	550
6.6842054437842755	600
5.0130812170608685	650
3.7595883266975285	700
3.4607603246239513	750
3.2660099173483523	800
2.975007877203577	850
2.6423588730578693	900
2.3333336863361147	950
1.9047668889700695	1000
457.1169626874907	0
137.3998768226941	50
78.62218345363087	100
48.9334166281437	150
37.328927090250374	200
25.84386667342561	250
19.678023977437093	300
13.255875586512174	350
12.02039399806135	400
11.672670824954814	450
9.464124944226604	500
8.874403038924505	550
8.343201019266294	600
7.07339075249944	650
5.837667057626097	700
5.837667057626097	750
4.6597976639863035	800
3.7196360784259994	850
3.650500299071588	900
3.650500299071588	950
3.041121859478295	1000
453.4405213310688	0
112.36792477169328	50
61.139090311660084	100
46.66077568723075	150
36.998362373681445	200
27.83038472014222	250
21.144531044360484	300
16.26651485290413	350
13.606880126748521	400
11.365080004705447	450
11.261332575751702	500
10.437209986438994	550
10.125110967485845	600
7.954578673869413	650
7.79530786108166	700
6.466423568795953	750
6.278678598624957	800
6.278678598624957	850
5.475127323488493	900
4.929577563239434	950
4.929577563239434	1000
471.36711530962793	0
131.738021971643	50
58.14286510595655	100
48.39615169608225	150
40.18128419525252	200
28.736164987797274	250
19.709674813169965	300
15.066002535959015	350
14.035629574749798	400
13.131195115308678	450
11.463538069340297	500
8.326285640634444	550
6.771801754042507	600
5.5028628399543535	650
5.189783026813572	700
5.189783026813572	750
4.679638982520814	800
4.42962501911029	850
4.195332387745623	900
2.715130012275905	950
2.453761084669079	1000
454.1561344779861	0
98.53885861841721	50
59.22443542107924	100
45.451778037762566	150
32.77898426603198	200
30.364337588751624	250
23.650420011054244	300
19.742343316350762	350
17.709981961807834	400
16.06033314619839	450
13.615494442667314	500
11.749782586360313	550
11.749782586360313	600
9.84371332237968	650
6.071201406575755	700
5.183677906604872	750
5.183677906604872	800
4.777414671928208	850
3.659558122496236	900
3.115753823653222	950
2.608487055553752	1000
432.90926022964754	0
95.05320805459999	50
56.4724296013579	100
44.74234318889357	150
36.99104356087015	200
30.88314911124304	250
26.241954593898647	300
23.540692543104235	350
19.752635175713344	400
17.948485938490244	450
16.626426501977328	500
14.921196544982486	550
14.288145170929461	600
12.1344023807005	650
9.764410999120244	700
9.045200407765323	750
6.016958123174151	800
5.291173684470451	850
3.128647306302483	900
3.113972434161454	950
2.278696814968768	1000
485.65796022169985	0
121.30713608528484	50
70.00326815358721	100
52.655584960792574	150
42.73656829342661	200
36.81690131430898	250
30.767766503904667	300
26.11518689997844	350
23.94047459654567	400
22.589513970768877	450
21.0481431051833	500
17.937844704913516	550
15.612951696256944	600
13.075201619855358	650
9.273140524392291	700
8.659190112862406	750
8.430780289706322	800
7.405558827397131	850
7.053165576955022	900
7.053165576955022	950
5.4149669530069815	1000
454.87847234568034	0
140.26792063335157	50
83.621868835558	100
65.79965889266906	150
57.07947320547579	200
45.61357697884141	250
36.412333192538675	300
32.340761663929214	350
28.35270041293326	400
22.27038408761444	450
19.727867787653665	500
17.39941851140756	550
16.699085846316166	600
14.632963891061523	650
12.538638611941893	700
10.412133130712023	750
7.989429579745977	800
7.904604995385828	850
7.522987521210187	900
6.515766143774451	950
6.070085105335702	1000
438.44556540430636	0
126.3250134115228	50
65.74232113959258	100
43.817345826184095	150
33.038698826440395	200
21.397093819270683	250
20.168721536802718	300
16.089565575746796	350
13.753506820378199	400
12.389504646867817	450
9.739843960272491	500
7.928402686766606	550
7.456922086206493	600
6.644170735122827	650
5.079440872548567	700
5.079440872548567	750
3.0283619031541846	800
3.0283619031541846	850
2.4820149690154025	900
2.1058951927591707	950
1.742554000467397	1000
395.0973698424524	0
119.63206034316774	50
62.94219017088718	100
43.418345690628776	150
37.63076137591374	200
29.49319008867085	250
24.25171814636449	300
22.681009743566214	350
18.995873280394406	400
17.213635954266707	450
14.983358290618412	500
13.267532116928521	550
11.99952287777156	600
11.019416157616247	650
9.74248764207597	700
9.243015230557353	750
8.345924268713125	800
6.675487077753521	850
4.722771221767818	900
3.9086781128169186	950
3.700362283837867	1000
412.64331965780553	0
134.26181289708506	50
82.96861137852248	100
47.79253565996282	150
41.56321176771917	200
31.373574284648456	250
25.053221859254002	300
20.69432080917006	350
17.06462923912155	400
11.787665875513843	450
10.890538033636576	500
8.651298132076258	550
7.205560774344072	600
6.517819077566351	650
6.300809285558733	700
5.787439194613631	750
5.660870708745767	800
4.741217161023931	850
4.2308275248360125	900
3.6233864855875986	950
3.6230911643885726	1000
485.49164491782403	0
119.47058468927527	50
82.76929028200352	100
61.66082963856826	150
45.92317868970555	200
34.51536409122264	250
27.840163024494483	300
20.659639029938447	350
16.203741259842147	400
13.871872248836466	450
12.048471701649325	500
9.256380874659433	550
9.126216102774853	600
7.576400147328448	650
4.830822212646151	700
4.467928716309938	750
4.155076619926302	800
3.3962359760478513	850
2.657478417948429	900
2.501225850017324	950
2.501225850017324	1000
431.2293530758821	0
138.90688787753206	50
85.045726035614	100
67.7988067883089	150
54.46276332011441	200
42.9068306039077	250
31.437923572967826	300
27.274938326069393	350
23.97464057829585	400
20.89297272404703	450
17.528904246147267	500
16.084664885615172	550
13.91654798704295	600
13.152123010834433	650
11.110126218952344	700
9.333322414112933	750
7.691068191633738	800
6.716117812287612	850
5.000998980086569	900
3.6194055580585047	950
2.7370362987611703	1000
455.60890740487315	0
102.26575369234813	50
58.425310404446364	100
49.53970545704972	150
37.8084460614247	200
31.32795505548462	250
27.879387210498837	300
24.12403264558486	350
22.281885649894647	400
18.811698154430985	450
15.194486555083728	500
13.972921595919956	550
11.277906381681305	600
9.971876253657541	650
7.666525020356948	700
7.281722506545043	750
6.398691309373595	800
5.560118870658789	850
4.17172938868949	900
4.0580175083514884	950
4.023792947528156	1000
456.34452253560937	0
134.82083337982257	50
75.77437282497006	100
54.51968215493544	150
35.2473332649878	200
26.336382157011112	250
22.820865098977833	300
19.906540639599598	350
18.014537772739175	400
15.763704338860725	450
14.870956557015178	500
12.502283173329504	550
11.77622883909318	600
11.56427314541783	650
10.666612099298861	700
9.511036892315063	750
7.144746981442298	800
5.827484671936206	850
3.874771980343917	900
3.854793298199235	950
2.8542266407249404	1000
451.1771003653308	0
123.57004030111473	50
66.03367752070568	100
49.03502344386675	150
39.78896040398148	200
33.099370213068426	250
27.395973051589806	300
23.00903191308312	350
20.5356422976773	400
18.567251109392146	450
16.131217343318426	500
12.633530357131372	550
10.75448018134639	600
9.836698373532835	650
8.336464400501734	700
6.78027644704772	750
5.753466319913009	800
4.265720158889918	850
3.7647638110700665	900
2.2476997050032264	950
2.1626347767323306	1000
473.8751558993174	0
102.78029718768852	50
53.78496759026811	100
33.24142459203921	150
29.122560327909568	200
22.03037538486697	250
17.79207074878522	300
14.614832672730705	350
13.592287524316509	400
11.418104398928326	450
11.087131196069462	500
8.556691695719387	550
7.70064151072301	600
5.720844340903149	650
5.244219666352372	700
4.742589890953276	750
2.8469310787997077	800
2.768622963297142	850
2.607204655816309	900
2.548350577311769	950
1.2060509284955145	1000
478.95250676371006	0
118.65681425680887	50
69.83432951634072	100
50.10910813100446	150
34.25647737181323	200
26.886417984056333	250
18.8157256431304	300
16.33769160014161	350
13.47942343903219	400
12.310806742534064	450
10.332220012662853	500
8.043450464145772	550
7.039837473223459	600
6.667065859484321	650
3.874268735658159	700
3.6030545428065857	750
2.853647929469286	800
2.5077557895176064	850
2.051281524787644	900
2.051281524787644	950
1.800197804819394	1000
453.1109944376676	0
121.98207665555609	50
81.76379872774842	100
52.35154745314258	150
40.90866763865186	200
28.961169250483277	250
21.121057621360922	300
17.393299376705958	350
14.731762887457823	400
12.353766903277542	450
11.774085500429987	500
8.784863847172428	550
6.561003486587833	600
5.048080403015399	650
4.817391139639506	700
4.513382186043907	750
4.513382186043907	800
4.5115791467110515	850
3.7497854593125712	900
2.726455519634877	950
1.8772614164149868	1000
414.68888729682385	0
99.10097772944776	50
69.78429773073398	100
44.6904410776669	150
35.76921739433701	200
29.58073392808597	250
23.694264122767898	300
18.103839880040034	350
14.765809786938844	400
13.682628974820984	450
10.867198594041467	500
8.002848467625055	550
7.601542678352361	600
7.49140414881167	650
7.1296387941562305	700
6.754204183324598	750
6.252083404186388	800
4.881210275355942	850
4.279414983045102	900
3.494405492887596	950
3.4095018913526918	1000
401.0694576981471	0
119.7181183752249	50
78.35423843556886	100
56.00173910258624	150
44.96228160214726	200
29.895640202802607	250
28.062153470625287	300
22.881220946641594	350
19.740634822025772	400
15.484496145684364	450
13.835094182745028	500
10.463453636838988	550
8.193460949679205	600
7.027573689597203	650
4.435293679100532	700
2.5237441343959404	750
2.193879541983904	800
2.023365105661627	850
1.9467432299714194	900
1.7579670958294304	950
1.680205216338864	1000
416.38563342662593	0
138.83501586286613	50
88.97542879400456	100
45.43321737639165	150
33.522366181413915	200
26.521067137334015	250
24.11070633571852	300
21.508017717675116	350
17.84190170699307	400
15.92296702391832	450
14.85075601617851	500
13.650701762203825	550
12.051349746725856	600
11.721871205589787	650
9.050933407314995	700
8.296620808074417	750
7.173190198306608	800
6.772510743778193	850
5.760071180614981	900
5.760071180614981	950
5.619162062539923	1000
441.7402488156681	0
104.36218681758673	50
68.60628314375903	100
40.528294505462256	150
27.86854132363254	200
23.90810537759083	250
21.186400302930693	300
19.730347888210517	350
16.69788722926802	400
15.82135015586085	450
14.549499141359599	500
12.514426314973457	550
10.948808351471003	600
9.095617106933586	650
7.567398659019174	700
6.948587016832098	750
6.678153913593169	800
6.172684312344066	850
5.3210211093789255	900
5.0368777839872365	950
4.786781248330094	1000
