experimento1, experimento2, experimento3, experimento4, experimento5, experimento6, experimento7, experimento8, experimento9, experimento10, experimento11, experimento12, experimento13, experimento14, experimento15, experimento16, experimento17, experimento18, experimento19, experimento20, experimento21, experimento22, experimento23, experimento24, experimento25, experimento26, experimento27, experimento28, experimento29, experimento30
342.770989, 355.246433, 287.653374, 371.956611, 337.099039, 350.094625, 356.385460, 357.812602, 327.971314, 375.636846, 400.584071, 398.229405, 372.253051, 271.499587, 314.632304, 344.962299, 329.839153, 322.815994, 339.913350, 339.985934, 298.286756, 333.830421, 367.937218, 316.578493, 325.369198, 289.215258, 351.410233, 396.512866, 299.450501, 348.672940
330.534747, 321.718904, 287.653374, 351.500010, 310.511531, 314.845178, 314.597007, 338.062774, 286.911225, 321.435562, 311.051493, 330.421388, 286.843386, 271.499587, 314.334805, 324.278149, 287.149798, 267.034406, 336.247291, 266.981103, 287.097936, 280.682449, 321.003929, 311.633009, 325.369198, 289.215258, 293.706117, 322.191960, 299.450501, 348.672940
316.523685, 284.490963, 287.653374, 305.502821, 299.423305, 314.845178, 314.597007, 338.062774, 286.911225, 293.244841, 307.660053, 330.421388, 286.843386, 271.499587, 314.334805, 313.354786, 287.149798, 267.034406, 322.158629, 266.981103, 287.097936, 280.682449, 292.509320, 311.633009, 313.300701, 289.215258, 253.923373, 303.427013, 299.450501, 317.657849
306.694195, 280.376251, 287.653374, 305.502821, 299.423305, 297.065577, 314.597007, 322.130554, 286.911225, 272.962818, 307.660053, 330.421388, 286.843386, 271.499587, 314.334805, 292.503867, 287.149798, 267.034406, 283.264734, 266.981103, 287.097936, 256.629338, 292.509320, 311.633009, 313.300701, 283.263923, 253.923373, 281.777081, 299.450501, 281.069947
268.631328, 280.376251, 287.653374, 305.502821, 299.423305, 297.065577, 314.597007, 314.564686, 286.911225, 272.962818, 294.679514, 318.524078, 286.843386, 271.499587, 314.334805, 292.503867, 262.274002, 267.034406, 283.264734, 252.006037, 287.097936, 256.629338, 292.509320, 298.349946, 311.240421, 265.075385, 253.923373, 268.364959, 299.251856, 281.069947
268.631328, 280.376251, 251.614114, 305.502821, 299.423305, 297.065577, 314.597007, 284.666612, 286.911225, 272.962818, 294.679514, 318.524078, 286.280942, 271.499587, 296.167722, 292.503867, 262.274002, 267.034406, 247.950557, 252.006037, 287.097936, 256.629338, 292.509320, 298.349946, 311.240421, 265.075385, 253.923373, 268.364959, 299.251856, 281.069947
268.631328, 280.376251, 251.614114, 305.502821, 299.423305, 297.065577, 312.417073, 284.666612, 286.911225, 272.962818, 260.386535, 318.524078, 286.280942, 271.499587, 296.167722, 292.503867, 262.274002, 267.034406, 247.950557, 252.006037, 287.097936, 256.629338, 292.509320, 298.349946, 311.240421, 265.075385, 253.923373, 268.364959, 299.251856, 281.069947
268.631328, 258.032929, 251.614114, 305.502821, 293.142946, 289.280143, 248.467711, 284.666612, 286.911225, 272.962818, 204.219742, 259.039202, 286.280942, 271.499587, 291.924773, 291.301008, 262.274002, 267.034406, 247.950557, 248.625062, 287.097936, 256.629338, 292.509320, 298.349946, 311.240421, 265.075385, 253.923373, 268.364959, 299.251856, 281.069947
268.631328, 258.032929, 251.614114, 305.502821, 267.428931, 289.280143, 248.467711, 284.666612, 286.911225, 272.962818, 204.219742, 259.039202, 286.280942, 271.499587, 291.924773, 277.955208, 262.274002, 267.034406, 196.224347, 248.625062, 287.097936, 256.629338, 292.509320, 298.349946, 306.495467, 265.075385, 253.923373, 254.462527, 299.251856, 281.069947
268.631328, 258.032929, 251.614114, 305.502821, 267.428931, 289.280143, 185.272949, 284.666612, 286.911225, 247.614697, 204.219742, 259.039202, 286.280942, 271.499587, 266.516800, 277.955208, 262.274002, 267.034406, 196.224347, 248.625062, 229.242054, 256.629338, 292.509320, 298.349946, 284.436294, 259.435720, 253.923373, 254.462527, 299.251856, 281.069947
268.631328, 258.032929, 251.614114, 305.502821, 267.428931, 289.280143, 185.272949, 284.666612, 286.911225, 247.614697, 204.219742, 259.039202, 286.280942, 271.499587, 266.516800, 277.955208, 262.274002, 267.034406, 196.224347, 248.625062, 229.242054, 256.629338, 292.509320, 298.349946, 284.436294, 250.535238, 253.923373, 254.462527, 299.251856, 281.069947
268.631328, 258.032929, 251.614114, 305.502821, 267.428931, 289.280143, 185.272949, 284.666612, 286.911225, 247.614697, 204.219742, 256.025826, 252.266357, 271.499587, 266.516800, 277.955208, 262.274002, 258.064518, 196.224347, 248.625062, 229.242054, 256.629338, 292.509320, 298.349946, 284.436294, 250.535238, 253.923373, 254.462527, 299.251856, 281.069947
268.631328, 246.580524, 251.614114, 305.502821, 267.428931, 289.280143, 185.272949, 283.876354, 286.911225, 247.614697, 204.219742, 256.025826, 252.266357, 271.499587, 266.516800, 277.955208, 262.274002, 258.064518, 196.224347, 248.625062, 229.242054, 256.629338, 292.509320, 298.349946, 284.436294, 250.535238, 253.923373, 254.462527, 299.251856, 281.069947
268.631328, 246.580524, 251.614114, 295.199884, 258.118243, 289.280143, 185.272949, 283.876354, 286.911225, 247.614697, 204.219742, 256.025826, 252.266357, 271.499587, 266.516800, 265.738516, 262.274002, 258.064518, 196.224347, 229.857008, 229.242054, 256.629338, 292.509320, 298.349946, 283.176828, 250.535238, 253.923373, 254.462527, 299.251856, 281.069947
256.320073, 246.580524, 251.614114, 279.611390, 258.118243, 270.879333, 185.272949, 283.876354, 286.911225, 247.614697, 204.219742, 256.025826, 252.266357, 271.499587, 266.516800, 265.738516, 262.274002, 258.064518, 196.224347, 229.857008, 229.242054, 256.629338, 292.509320, 298.349946, 275.107394, 250.535238, 253.923373, 254.462527, 299.251856, 244.267657
256.320073, 246.580524, 251.614114, 279.611390, 258.118243, 270.879333, 185.272949, 283.876354, 286.911225, 247.614697, 204.219742, 256.025826, 252.266357, 271.499587, 266.516800, 265.738516, 262.274002, 258.064518, 196.224347, 229.857008, 229.242054, 256.629338, 290.186182, 298.349946, 275.107394, 250.535238, 253.923373, 254.462527, 287.347000, 244.267657
256.320073, 246.580524, 251.614114, 279.611390, 258.118243, 270.879333, 185.272949, 283.876354, 286.911225, 247.614697, 204.219742, 256.025826, 252.266357, 271.499587, 266.516800, 265.738516, 262.274002, 258.064518, 196.224347, 229.857008, 229.242054, 256.629338, 290.186182, 298.349946, 275.107394, 250.535238, 253.923373, 254.462527, 287.347000, 244.267657
256.320073, 246.580524, 251.262325, 279.611390, 258.118243, 270.879333, 185.272949, 283.876354, 285.210410, 247.614697, 204.219742, 256.025826, 252.266357, 237.061309, 266.516800, 265.738516, 262.274002, 258.064518, 196.224347, 229.857008, 229.242054, 256.629338, 290.186182, 298.349946, 275.107394, 250.535238, 253.923373, 254.462527, 287.347000, 244.267657
256.069997, 246.580524, 251.262325, 273.397499, 258.118243, 270.879333, 185.272949, 283.876354, 283.091332, 247.614697, 204.219742, 256.025826, 231.649045, 237.061309, 266.516800, 250.551291, 262.274002, 258.064518, 196.224347, 229.857008, 229.242054, 256.629338, 290.186182, 298.349946, 275.107394, 250.535238, 253.923373, 254.462527, 238.623821, 244.267657
256.069997, 246.580524, 251.262325, 273.397499, 258.118243, 263.491943, 185.272949, 283.876354, 283.091332, 247.614697, 204.219742, 256.025826, 231.649045, 237.061309, 266.516800, 250.551291, 262.274002, 258.064518, 196.224347, 229.857008, 229.242054, 256.629338, 290.186182, 298.349946, 275.107394, 250.535238, 253.923373, 254.462527, 238.623821, 244.267657
256.069997, 246.580524, 251.262325, 273.397499, 258.118243, 263.491943, 185.272949, 283.876354, 283.091332, 247.614697, 204.219742, 256.025826, 231.649045, 237.061309, 266.516800, 250.551291, 262.274002, 258.064518, 196.224347, 229.857008, 229.242054, 256.629338, 276.992147, 272.319979, 275.107394, 250.535238, 253.923373, 254.462527, 238.623821, 244.267657
256.069997, 246.580524, 251.262325, 273.397499, 258.118243, 263.491943, 185.272949, 283.876354, 283.091332, 247.614697, 204.219742, 256.025826, 231.649045, 237.061309, 266.516800, 250.551291, 262.274002, 258.064518, 196.224347, 229.857008, 229.242054, 256.629338, 259.692094, 272.319979, 275.107394, 211.794225, 253.923373, 254.462527, 238.623821, 244.267657
256.069997, 246.580524, 251.262325, 221.632705, 258.118243, 263.491943, 185.272949, 283.876354, 283.091332, 247.614697, 204.219742, 256.025826, 231.649045, 237.061309, 266.516800, 250.551291, 262.274002, 258.064518, 196.224347, 229.857008, 229.242054, 256.629338, 259.692094, 272.319979, 275.107394, 211.794225, 253.923373, 254.462527, 238.623821, 244.267657
256.069997, 246.580524, 251.262325, 221.632705, 258.118243, 263.491943, 185.272949, 283.876354, 283.091332, 247.614697, 204.219742, 256.025826, 231.649045, 237.061309, 259.546599, 250.551291, 262.274002, 258.064518, 196.224347, 229.857008, 229.242054, 256.629338, 259.692094, 272.319979, 275.107394, 211.794225, 245.316277, 254.462527, 238.623821, 244.267657
256.069997, 246.580524, 251.262325, 221.632705, 258.118243, 263.491943, 185.272949, 283.876354, 283.091332, 247.614697, 204.219742, 256.025826, 231.649045, 237.061309, 257.745803, 250.551291, 262.274002, 258.064518, 196.224347, 229.857008, 229.242054, 256.629338, 259.692094, 272.319979, 275.107394, 211.794225, 245.316277, 254.462527, 238.623821, 244.267657
256.069997, 246.580524, 251.262325, 221.632705, 258.118243, 263.491943, 185.272949, 283.876354, 283.091332, 247.614697, 204.219742, 256.025826, 231.649045, 237.061309, 248.319344, 250.551291, 262.274002, 258.064518, 196.224347, 229.857008, 229.242054, 256.629338, 259.692094, 272.319979, 275.107394, 211.794225, 207.332875, 254.462527, 238.623821, 244.267657
256.069997, 246.580524, 251.262325, 221.632705, 258.118243, 263.491943, 185.272949, 283.876354, 283.091332, 247.614697, 204.219742, 256.025826, 231.649045, 237.061309, 248.319344, 250.551291, 262.274002, 258.064518, 196.224347, 229.857008, 229.242054, 256.629338, 259.692094, 272.319979, 274.492199, 211.794225, 207.332875, 254.462527, 238.623821, 244.267657
256.069997, 246.580524, 251.262325, 221.632705, 258.118243, 263.491943, 185.272949, 283.876354, 283.091332, 247.614697, 204.219742, 256.025826, 231.649045, 237.061309, 248.319344, 250.551291, 262.274002, 258.064518, 196.224347, 229.857008, 229.242054, 256.629338, 259.692094, 272.319979, 274.492199, 211.794225, 207.332875, 254.462527, 238.623821, 244.267657
256.069997, 246.580524, 251.262325, 221.632705, 258.118243, 263.491943, 185.272949, 283.876354, 265.558809, 247.614697, 204.219742, 256.025826, 231.649045, 237.061309, 248.319344, 250.551291, 262.274002, 258.064518, 196.224347, 229.857008, 229.242054, 256.629338, 259.692094, 272.319979, 274.492199, 211.794225, 207.332875, 254.462527, 238.623821, 244.267657
256.069997, 246.580524, 251.262325, 221.632705, 258.118243, 263.491943, 185.272949, 280.334758, 265.558809, 247.614697, 204.219742, 256.025826, 231.649045, 237.061309, 248.319344, 250.551291, 262.274002, 258.064518, 196.224347, 229.857008, 229.242054, 256.629338, 259.692094, 272.319979, 274.492199, 211.794225, 207.332875, 254.462527, 238.623821, 244.267657
256.069997, 246.580524, 251.262325, 221.632705, 258.118243, 263.491943, 185.272949, 280.334758, 265.558809, 247.614697, 204.219742, 256.025826, 231.649045, 237.061309, 248.319344, 250.551291, 262.274002, 258.064518, 196.224347, 229.857008, 229.242054, 256.629338, 259.692094, 272.319979, 274.492199, 211.794225, 207.332875, 254.462527, 238.623821, 244.267657
252.200925, 246.580524, 251.262325, 221.632705, 258.118243, 263.491943, 185.272949, 265.633180, 265.558809, 247.614697, 204.219742, 256.025826, 231.649045, 237.061309, 248.319344, 250.551291, 262.274002, 242.086692, 196.224347, 229.857008, 229.242054, 256.629338, 259.692094, 272.319979, 274.492199, 211.794225, 207.332875, 254.462527, 238.623821, 244.267657
252.200925, 246.580524, 251.262325, 221.632705, 258.118243, 263.491943, 185.272949, 265.633180, 265.558809, 247.614697, 204.219742, 256.025826, 231.649045, 237.061309, 248.319344, 250.551291, 262.274002, 242.086692, 196.224347, 229.857008, 229.242054, 256.629338, 255.793852, 272.319979, 274.492199, 211.794225, 207.332875, 254.462527, 238.623821, 244.267657
252.200925, 246.580524, 251.262325, 221.632705, 258.118243, 263.491943, 185.272949, 265.633180, 265.558809, 247.614697, 204.219742, 256.025826, 231.649045, 237.061309, 248.319344, 250.551291, 258.277221, 242.086692, 196.224347, 229.857008, 229.242054, 256.629338, 255.793852, 272.319979, 274.492199, 211.794225, 207.332875, 254.462527, 238.623821, 244.267657
252.200925, 246.580524, 251.262325, 221.632705, 258.118243, 263.491943, 185.272949, 265.633180, 265.558809, 247.614697, 204.219742, 256.025826, 231.649045, 237.061309, 248.319344, 250.551291, 258.277221, 242.086692, 196.224347, 229.857008, 229.242054, 256.629338, 255.793852, 272.319979, 274.492199, 211.794225, 207.332875, 254.462527, 238.623821, 244.267657
252.200925, 246.580524, 251.262325, 221.632705, 258.118243, 237.733592, 185.272949, 265.633180, 265.558809, 247.614697, 204.219742, 256.025826, 231.649045, 237.061309, 248.319344, 250.551291, 258.277221, 242.086692, 196.224347, 229.857008, 229.242054, 256.629338, 255.793852, 272.319979, 274.492199, 211.794225, 207.332875, 254.462527, 238.623821, 244.267657
252.200925, 246.580524, 251.262325, 221.632705, 258.118243, 237.733592, 185.272949, 265.633180, 265.558809, 247.614697, 204.219742, 256.025826, 231.649045, 237.061309, 248.319344, 250.551291, 258.277221, 242.086692, 196.224347, 229.857008, 229.242054, 256.629338, 255.793852, 272.319979, 250.873623, 211.794225, 207.332875, 254.462527, 238.623821, 244.267657
252.200925, 246.580524, 251.262325, 221.632705, 258.118243, 237.733592, 185.272949, 265.633180, 265.558809, 247.614697, 204.219742, 256.025826, 231.649045, 237.061309, 248.319344, 250.551291, 258.277221, 242.086692, 196.224347, 229.857008, 229.242054, 256.629338, 255.793852, 253.985583, 250.873623, 211.794225, 207.332875, 254.462527, 238.623821, 244.267657
252.200925, 246.580524, 251.262325, 221.632705, 258.118243, 237.733592, 185.272949, 265.633180, 262.637180, 247.614697, 204.219742, 256.025826, 231.649045, 237.061309, 248.319344, 250.551291, 258.277221, 242.086692, 196.224347, 229.857008, 229.242054, 256.629338, 255.793852, 253.985583, 250.873623, 211.794225, 207.332875, 254.462527, 238.623821, 244.267657
252.200925, 246.580524, 251.262325, 221.632705, 258.118243, 237.733592, 185.272949, 265.633180, 262.637180, 247.614697, 204.219742, 256.025826, 231.649045, 237.061309, 248.319344, 250.551291, 248.613791, 242.086692, 196.224347, 229.857008, 229.242054, 256.629338, 255.793852, 250.212259, 250.873623, 211.794225, 207.332875, 254.462527, 238.623821, 244.267657
226.391399, 246.580524, 251.262325, 221.632705, 239.394176, 237.733592, 185.272949, 265.633180, 262.637180, 247.614697, 204.219742, 256.025826, 231.649045, 237.061309, 248.319344, 250.551291, 248.613791, 242.086692, 196.224347, 229.857008, 229.242054, 256.629338, 255.793852, 250.212259, 250.873623, 211.794225, 207.332875, 254.462527, 238.623821, 244.267657
226.391399, 246.580524, 251.262325, 221.632705, 239.394176, 237.733592, 185.272949, 265.633180, 262.637180, 247.614697, 204.219742, 256.025826, 231.649045, 237.061309, 243.348775, 250.551291, 248.613791, 242.086692, 196.224347, 229.857008, 229.242054, 256.629338, 255.793852, 250.212259, 250.873623, 211.794225, 207.332875, 254.462527, 238.623821, 244.267657
226.391399, 246.580524, 251.262325, 221.632705, 239.394176, 237.733592, 185.272949, 265.633180, 262.637180, 245.406172, 204.219742, 256.025826, 231.649045, 237.061309, 243.348775, 250.551291, 248.613791, 242.086692, 196.224347, 229.857008, 229.242054, 256.629338, 255.793852, 250.212259, 250.873623, 211.794225, 207.332875, 254.462527, 238.623821, 244.267657
226.391399, 246.580524, 251.262325, 221.632705, 239.394176, 237.733592, 185.272949, 265.633180, 262.637180, 245.406172, 204.219742, 256.025826, 231.649045, 237.061309, 243.348775, 250.551291, 248.613791, 242.086692, 196.224347, 229.857008, 229.242054, 240.589650, 255.793852, 250.212259, 250.873623, 211.794225, 207.332875, 254.462527, 238.623821, 244.267657
226.391399, 246.580524, 251.262325, 221.632705, 239.394176, 237.733592, 185.272949, 265.633180, 251.111150, 245.406172, 204.219742, 256.025826, 231.649045, 237.061309, 243.348775, 250.551291, 248.613791, 242.086692, 196.224347, 229.857008, 229.242054, 240.589650, 255.793852, 250.212259, 250.873623, 211.794225, 207.332875, 254.462527, 238.623821, 244.267657
226.391399, 246.580524, 251.262325, 221.632705, 239.394176, 237.733592, 185.272949, 265.633180, 251.111150, 245.406172, 204.219742, 256.025826, 231.649045, 237.061309, 243.348775, 250.551291, 248.613791, 242.086692, 196.224347, 229.857008, 229.242054, 240.589650, 255.793852, 250.212259, 250.873623, 211.794225, 207.332875, 254.462527, 238.623821, 244.267657
226.391399, 246.580524, 251.262325, 221.632705, 239.394176, 237.733592, 185.272949, 265.633180, 251.111150, 245.406172, 204.219742, 256.025826, 231.649045, 237.061309, 243.348775, 250.551291, 248.613791, 242.086692, 196.224347, 229.857008, 229.242054, 240.589650, 255.793852, 250.212259, 250.873623, 211.794225, 207.332875, 254.462527, 238.623821, 244.267657
226.391399, 246.580524, 251.262325, 221.632705, 239.394176, 237.733592, 185.272949, 265.633180, 251.111150, 245.406172, 204.219742, 256.025826, 231.649045, 237.061309, 243.348775, 250.551291, 197.840245, 236.597931, 196.224347, 229.857008, 229.242054, 240.589650, 255.793852, 250.212259, 250.873623, 211.794225, 207.332875, 254.462527, 238.623821, 244.267657
226.391399, 246.580524, 251.262325, 221.632705, 239.394176, 237.733592, 185.272949, 265.633180, 251.111150, 245.406172, 204.219742, 256.025826, 231.649045, 237.061309, 243.348775, 250.551291, 197.840245, 236.597931, 196.224347, 229.857008, 229.242054, 240.589650, 255.793852, 250.212259, 250.873623, 211.794225, 207.332875, 254.462527, 238.623821, 244.267657
226.391399, 246.580524, 251.262325, 221.632705, 239.394176, 237.733592, 185.272949, 265.633180, 251.111150, 245.406172, 204.219742, 256.025826, 231.649045, 237.061309, 243.348775, 250.551291, 197.840245, 236.597931, 196.224347, 229.857008, 229.242054, 240.589650, 255.793852, 250.212259, 250.873623, 211.794225, 207.332875, 254.462527, 238.623821, 244.267657
226.391399, 246.580524, 251.262325, 221.632705, 239.394176, 237.733592, 185.272949, 265.633180, 251.111150, 245.406172, 204.219742, 256.025826, 231.649045, 237.061309, 243.348775, 250.551291, 197.840245, 236.597931, 196.224347, 229.857008, 229.242054, 240.589650, 255.793852, 250.212259, 250.873623, 211.794225, 207.332875, 254.462527, 238.623821, 244.267657
226.391399, 246.580524, 237.780846, 221.632705, 239.394176, 237.733592, 185.272949, 265.633180, 251.111150, 245.406172, 204.219742, 251.870309, 231.649045, 237.061309, 243.348775, 250.551291, 197.840245, 236.597931, 196.224347, 229.857008, 229.242054, 240.589650, 255.793852, 250.212259, 250.873623, 211.794225, 207.332875, 254.462527, 238.623821, 244.267657
226.391399, 246.580524, 237.780846, 221.632705, 239.394176, 237.733592, 185.272949, 265.633180, 251.111150, 245.406172, 204.219742, 251.870309, 231.649045, 237.061309, 243.348775, 250.551291, 197.840245, 236.597931, 196.224347, 229.857008, 229.242054, 240.589650, 255.793852, 250.212259, 250.873623, 211.794225, 207.332875, 254.462527, 238.623821, 244.267657
226.391399, 246.580524, 237.780846, 221.632705, 239.394176, 237.733592, 185.272949, 265.633180, 251.111150, 245.406172, 204.219742, 251.870309, 231.649045, 237.061309, 243.348775, 250.551291, 197.840245, 236.597931, 196.224347, 229.857008, 229.242054, 240.589650, 255.793852, 250.212259, 250.873623, 211.794225, 207.332875, 235.571108, 238.623821, 244.267657
226.391399, 246.580524, 237.780846, 221.632705, 239.394176, 237.733592, 185.272949, 202.585777, 233.077748, 245.406172, 204.219742, 251.870309, 231.649045, 237.061309, 243.348775, 250.551291, 197.840245, 236.597931, 196.224347, 229.857008, 229.242054, 240.589650, 255.793852, 250.212259, 250.873623, 211.794225, 207.332875, 235.571108, 238.623821, 225.368273
226.391399, 246.580524, 237.780846, 221.632705, 239.394176, 237.733592, 185.272949, 202.585777, 233.077748, 245.406172, 204.219742, 251.870309, 231.649045, 237.061309, 243.348775, 250.551291, 197.840245, 236.597931, 196.224347, 229.857008, 229.242054, 240.589650, 255.793852, 250.212259, 250.873623, 211.794225, 207.332875, 235.571108, 238.623821, 225.368273
226.391399, 246.580524, 237.780846, 221.632705, 239.394176, 237.733592, 185.272949, 202.585777, 233.077748, 245.406172, 204.219742, 251.870309, 231.649045, 237.061309, 243.348775, 250.551291, 197.840245, 236.597931, 196.224347, 229.857008, 229.242054, 240.589650, 255.793852, 250.212259, 250.873623, 211.794225, 207.332875, 235.571108, 238.623821, 225.368273
226.391399, 246.580524, 237.780846, 221.632705, 239.394176, 237.733592, 185.272949, 202.585777, 233.077748, 245.406172, 204.219742, 251.870309, 231.649045, 237.061309, 243.348775, 250.551291, 197.840245, 236.597931, 196.224347, 229.857008, 229.242054, 240.589650, 255.793852, 250.212259, 250.873623, 211.794225, 207.332875, 235.571108, 238.623821, 225.368273
226.391399, 246.580524, 237.780846, 221.632705, 239.394176, 237.733592, 185.272949, 202.585777, 233.077748, 245.406172, 204.219742, 251.870309, 231.649045, 237.061309, 243.348775, 250.551291, 197.840245, 236.597931, 196.224347, 229.857008, 229.242054, 240.589650, 255.793852, 250.212259, 250.873623, 211.794225, 207.332875, 235.571108, 238.623821, 225.368273
226.391399, 246.580524, 237.780846, 221.632705, 239.394176, 237.733592, 185.272949, 202.585777, 233.077748, 245.406172, 204.219742, 251.870309, 231.649045, 237.061309, 243.348775, 250.551291, 197.840245, 236.597931, 196.224347, 229.857008, 229.242054, 225.428479, 255.793852, 250.212259, 250.873623, 211.794225, 207.332875, 235.571108, 238.623821, 225.368273
226.391399, 246.580524, 237.780846, 221.632705, 239.394176, 237.733592, 185.272949, 202.585777, 233.077748, 245.406172, 204.219742, 251.870309, 231.649045, 237.061309, 243.348775, 250.551291, 197.840245, 236.597931, 196.224347, 229.857008, 229.242054, 225.428479, 255.793852, 249.571469, 250.873623, 211.794225, 207.332875, 235.571108, 238.623821, 225.368273
226.391399, 246.580524, 237.780846, 221.632705, 239.394176, 237.733592, 185.272949, 202.585777, 233.077748, 245.406172, 204.219742, 251.870309, 231.649045, 237.061309, 243.348775, 250.551291, 197.840245, 236.597931, 196.224347, 229.857008, 229.242054, 225.428479, 255.793852, 249.571469, 250.873623, 211.794225, 207.332875, 235.571108, 238.623821, 225.368273
226.391399, 246.580524, 237.780846, 221.632705, 206.749933, 237.733592, 185.272949, 202.585777, 233.077748, 245.406172, 204.219742, 251.870309, 231.649045, 237.061309, 243.348775, 250.551291, 197.840245, 236.597931, 196.224347, 229.857008, 229.242054, 225.428479, 255.793852, 249.571469, 250.873623, 211.794225, 207.332875, 235.571108, 238.623821, 225.368273
226.391399, 246.580524, 237.780846, 221.632705, 206.749933, 237.733592, 185.272949, 202.585777, 233.077748, 245.406172, 204.219742, 251.870309, 231.649045, 237.061309, 243.348775, 250.551291, 197.840245, 236.597931, 196.224347, 229.857008, 229.242054, 225.428479, 255.793852, 249.571469, 250.873623, 211.794225, 207.332875, 235.571108, 238.623821, 225.368273
226.391399, 246.580524, 237.780846, 221.632705, 206.749933, 237.733592, 185.272949, 202.585777, 233.077748, 245.406172, 204.219742, 251.870309, 231.649045, 237.061309, 243.348775, 250.551291, 197.840245, 236.597931, 196.224347, 229.857008, 229.242054, 225.428479, 255.793852, 249.571469, 250.873623, 211.794225, 207.332875, 235.571108, 238.623821, 225.368273
226.391399, 246.580524, 237.780846, 221.632705, 206.749933, 237.733592, 185.272949, 202.585777, 233.077748, 245.406172, 204.219742, 251.870309, 231.649045, 237.061309, 243.348775, 250.551291, 197.840245, 236.597931, 196.224347, 229.857008, 229.242054, 225.428479, 255.793852, 249.571469, 250.873623, 211.794225, 207.332875, 235.571108, 238.623821, 225.368273
226.391399, 246.580524, 237.780846, 221.632705, 206.749933, 237.733592, 185.272949, 202.585777, 233.077748, 245.406172, 204.219742, 251.870309, 231.649045, 237.061309, 243.348775, 250.551291, 197.840245, 236.597931, 196.224347, 229.857008, 229.242054, 225.428479, 255.793852, 249.571469, 250.873623, 211.794225, 207.332875, 235.571108, 238.623821, 225.368273
226.391399, 246.580524, 237.780846, 221.632705, 206.749933, 237.733592, 185.272949, 202.585777, 233.077748, 245.406172, 204.219742, 251.870309, 231.649045, 237.061309, 243.348775, 250.551291, 197.840245, 236.597931, 196.224347, 229.857008, 229.242054, 225.428479, 255.793852, 249.571469, 250.873623, 211.794225, 207.332875, 235.571108, 238.623821, 225.368273
226.391399, 246.580524, 237.780846, 221.632705, 206.749933, 237.733592, 185.272949, 202.585777, 233.077748, 245.406172, 204.219742, 251.870309, 231.649045, 237.061309, 243.348775, 250.551291, 197.840245, 236.597931, 196.224347, 229.857008, 229.242054, 225.428479, 255.793852, 249.571469, 250.873623, 211.794225, 207.332875, 235.571108, 238.623821, 225.368273
226.391399, 246.580524, 237.780846, 221.632705, 206.749933, 237.733592, 185.272949, 202.585777, 233.077748, 245.406172, 204.219742, 251.870309, 231.649045, 237.061309, 243.348775, 250.551291, 197.840245, 236.597931, 196.224347, 229.857008, 229.242054, 225.428479, 255.793852, 249.571469, 250.873623, 211.794225, 207.332875, 235.571108, 238.623821, 225.368273
226.391399, 246.580524, 237.780846, 221.632705, 206.749933, 237.733592, 185.272949, 202.585777, 233.077748, 245.406172, 204.219742, 251.870309, 231.649045, 237.061309, 243.348775, 250.551291, 197.840245, 236.597931, 196.224347, 229.857008, 229.242054, 225.428479, 255.793852, 249.571469, 250.873623, 211.794225, 207.332875, 235.571108, 238.623821, 225.368273
226.391399, 246.580524, 237.780846, 221.632705, 206.749933, 237.733592, 185.272949, 202.585777, 233.077748, 245.406172, 204.219742, 251.870309, 231.649045, 237.061309, 243.348775, 250.551291, 197.840245, 236.597931, 196.224347, 229.857008, 229.242054, 225.428479, 255.793852, 249.571469, 250.873623, 211.794225, 207.332875, 235.571108, 238.623821, 225.368273
226.391399, 246.580524, 237.780846, 221.632705, 206.749933, 237.733592, 185.272949, 202.585777, 233.077748, 245.406172, 204.219742, 251.870309, 231.649045, 237.061309, 243.348775, 250.551291, 197.840245, 236.597931, 196.224347, 229.857008, 229.242054, 225.428479, 255.793852, 249.571469, 250.873623, 211.794225, 207.332875, 209.628087, 238.623821, 225.368273
226.391399, 246.580524, 237.780846, 221.632705, 206.749933, 237.733592, 185.272949, 202.585777, 233.077748, 245.406172, 204.219742, 251.870309, 231.649045, 237.061309, 243.348775, 250.551291, 197.840245, 236.597931, 196.224347, 229.857008, 229.242054, 225.428479, 255.793852, 249.571469, 250.873623, 211.794225, 207.332875, 209.628087, 238.623821, 225.368273
226.391399, 246.580524, 237.780846, 221.632705, 206.749933, 237.733592, 185.272949, 202.585777, 233.077748, 245.406172, 204.219742, 251.870309, 231.649045, 237.061309, 243.348775, 233.347442, 197.840245, 236.597931, 196.224347, 229.857008, 229.242054, 225.428479, 255.793852, 249.571469, 250.873623, 211.794225, 207.332875, 209.628087, 238.623821, 225.368273
226.391399, 246.580524, 237.780846, 221.632705, 206.749933, 237.733592, 185.272949, 202.585777, 233.077748, 245.406172, 204.219742, 251.870309, 231.649045, 237.061309, 243.348775, 233.347442, 197.840245, 236.597931, 196.224347, 229.857008, 229.242054, 225.428479, 255.793852, 249.571469, 250.873623, 211.794225, 207.332875, 209.628087, 238.623821, 225.368273
226.391399, 246.580524, 237.780846, 221.632705, 206.749933, 237.733592, 185.272949, 202.585777, 233.077748, 245.406172, 204.219742, 251.870309, 231.649045, 237.061309, 243.348775, 233.347442, 197.840245, 236.597931, 196.224347, 229.857008, 229.242054, 225.428479, 255.793852, 249.571469, 250.873623, 211.794225, 207.332875, 209.628087, 238.623821, 225.368273
226.391399, 246.580524, 237.780846, 221.632705, 206.749933, 237.733592, 185.272949, 202.585777, 233.077748, 245.406172, 204.219742, 251.870309, 231.649045, 237.061309, 243.348775, 233.347442, 197.840245, 236.597931, 196.224347, 229.857008, 229.242054, 225.428479, 255.793852, 249.571469, 250.873623, 211.794225, 207.332875, 209.628087, 238.623821, 225.368273
226.391399, 246.580524, 237.780846, 221.632705, 206.749933, 237.733592, 185.272949, 202.585777, 233.077748, 245.406172, 204.219742, 251.870309, 231.649045, 237.061309, 243.348775, 233.347442, 197.840245, 236.597931, 196.224347, 229.857008, 229.242054, 225.428479, 255.793852, 249.571469, 250.873623, 211.794225, 207.332875, 209.628087, 238.623821, 225.368273
226.391399, 246.580524, 237.780846, 221.632705, 206.749933, 237.733592, 185.272949, 202.585777, 233.077748, 245.406172, 204.219742, 251.870309, 231.649045, 237.061309, 243.348775, 233.347442, 197.840245, 236.597931, 196.224347, 229.857008, 229.242054, 225.428479, 255.793852, 249.571469, 250.873623, 211.794225, 207.332875, 209.628087, 238.623821, 225.368273
226.391399, 246.580524, 237.780846, 221.632705, 206.749933, 237.733592, 185.272949, 202.585777, 233.077748, 245.406172, 204.219742, 251.870309, 231.649045, 237.061309, 243.348775, 233.347442, 197.840245, 236.597931, 196.224347, 229.857008, 229.242054, 225.428479, 255.793852, 249.571469, 250.873623, 211.794225, 207.332875, 209.628087, 238.623821, 225.368273
226.391399, 246.580524, 237.780846, 221.632705, 206.749933, 237.733592, 185.272949, 202.585777, 233.077748, 245.406172, 204.219742, 251.870309, 231.649045, 237.061309, 243.348775, 233.347442, 197.840245, 236.597931, 196.224347, 229.857008, 229.242054, 225.428479, 255.793852, 249.571469, 250.873623, 211.794225, 207.332875, 209.628087, 238.623821, 210.701928
226.391399, 246.580524, 237.780846, 221.632705, 206.749933, 237.733592, 185.272949, 202.585777, 233.077748, 245.406172, 204.219742, 251.870309, 231.649045, 237.061309, 243.348775, 233.347442, 197.840245, 236.597931, 196.224347, 227.168363, 229.242054, 225.428479, 255.793852, 249.571469, 250.873623, 211.794225, 207.332875, 209.628087, 238.623821, 210.701928
226.391399, 241.196250, 237.780846, 221.632705, 206.749933, 237.733592, 185.272949, 202.585777, 233.077748, 245.406172, 204.219742, 251.870309, 231.649045, 237.061309, 243.348775, 233.347442, 197.840245, 236.597931, 196.224347, 227.168363, 229.242054, 225.428479, 255.793852, 249.571469, 250.873623, 211.794225, 207.332875, 209.628087, 238.623821, 210.701928
226.391399, 241.196250, 237.780846, 221.632705, 206.749933, 237.733592, 185.272949, 202.585777, 233.077748, 245.406172, 204.219742, 251.870309, 231.649045, 237.061309, 243.348775, 233.347442, 197.840245, 236.597931, 196.224347, 227.168363, 229.242054, 225.428479, 255.793852, 249.571469, 250.873623, 211.794225, 207.332875, 209.628087, 238.623821, 210.701928
226.391399, 241.196250, 237.780846, 221.632705, 206.749933, 237.733592, 185.272949, 202.585777, 233.077748, 245.406172, 204.219742, 251.870309, 231.649045, 237.061309, 243.348775, 233.347442, 197.840245, 236.597931, 196.224347, 227.168363, 229.242054, 225.428479, 255.793852, 249.571469, 250.873623, 211.794225, 207.332875, 209.628087, 238.623821, 210.701928
226.391399, 241.196250, 237.780846, 221.632705, 206.749933, 237.733592, 185.272949, 202.585777, 233.077748, 245.406172, 204.219742, 251.870309, 231.649045, 237.061309, 243.348775, 233.347442, 197.840245, 236.597931, 196.224347, 227.168363, 229.242054, 225.428479, 255.793852, 249.571469, 250.873623, 211.794225, 207.332875, 209.628087, 238.623821, 210.701928
226.391399, 241.196250, 237.780846, 221.632705, 206.749933, 237.733592, 185.272949, 202.585777, 233.077748, 245.406172, 204.219742, 251.870309, 231.649045, 237.061309, 243.348775, 233.347442, 197.840245, 236.597931, 196.224347, 227.168363, 229.242054, 225.428479, 255.793852, 249.571469, 250.873623, 211.794225, 207.332875, 209.628087, 238.623821, 210.701928
226.391399, 241.196250, 237.780846, 221.632705, 206.749933, 237.733592, 185.272949, 202.585777, 233.077748, 245.406172, 204.219742, 251.870309, 231.649045, 237.061309, 243.348775, 233.347442, 197.840245, 236.597931, 196.224347, 227.168363, 229.242054, 225.428479, 255.793852, 249.571469, 250.873623, 211.794225, 207.332875, 209.628087, 238.623821, 210.701928
226.391399, 241.196250, 237.780846, 221.632705, 206.749933, 237.733592, 185.272949, 202.585777, 233.077748, 245.406172, 204.219742, 251.870309, 231.649045, 237.061309, 243.348775, 233.347442, 197.840245, 236.597931, 196.224347, 227.168363, 229.242054, 225.428479, 255.793852, 249.571469, 250.873623, 211.794225, 207.332875, 209.628087, 238.623821, 210.701928
226.391399, 241.196250, 237.780846, 221.632705, 206.749933, 237.733592, 185.272949, 202.585777, 233.077748, 245.406172, 204.219742, 251.870309, 231.649045, 237.061309, 243.348775, 233.347442, 197.840245, 236.597931, 196.224347, 227.168363, 229.242054, 225.428479, 255.793852, 249.571469, 250.873623, 211.794225, 207.332875, 209.628087, 238.623821, 210.701928
226.391399, 241.196250, 237.780846, 221.632705, 206.749933, 237.733592, 185.272949, 202.585777, 233.077748, 245.406172, 204.219742, 251.870309, 231.649045, 237.061309, 243.348775, 233.347442, 197.840245, 236.597931, 196.224347, 227.168363, 229.242054, 225.428479, 255.793852, 249.571469, 250.873623, 211.794225, 207.332875, 209.628087, 238.623821, 210.701928
226.391399, 241.196250, 237.780846, 221.632705, 206.749933, 237.733592, 185.272949, 202.585777, 233.077748, 245.406172, 204.219742, 251.870309, 231.649045, 237.061309, 243.348775, 233.347442, 197.840245, 236.597931, 196.224347, 227.168363, 229.242054, 225.428479, 255.793852, 249.571469, 250.873623, 211.794225, 207.332875, 209.628087, 238.623821, 210.701928
226.391399, 241.196250, 237.780846, 221.632705, 206.749933, 237.733592, 185.272949, 202.585777, 233.077748, 245.406172, 204.219742, 251.870309, 231.649045, 233.103542, 243.348775, 233.347442, 197.840245, 236.597931, 196.224347, 227.168363, 229.242054, 225.428479, 255.793852, 249.571469, 241.812945, 211.794225, 207.332875, 209.628087, 238.623821, 210.701928
226.391399, 241.196250, 237.780846, 221.632705, 206.749933, 237.733592, 185.272949, 202.585777, 233.077748, 245.406172, 204.219742, 251.870309, 231.649045, 233.103542, 243.348775, 233.347442, 197.840245, 236.597931, 196.224347, 227.168363, 229.242054, 225.428479, 255.793852, 249.571469, 241.812945, 211.794225, 207.332875, 209.628087, 238.623821, 210.701928
226.391399, 241.196250, 237.780846, 221.632705, 206.749933, 237.733592, 185.272949, 202.585777, 233.077748, 245.406172, 204.219742, 251.870309, 231.649045, 233.103542, 243.348775, 233.347442, 197.840245, 236.597931, 196.224347, 227.168363, 229.242054, 225.428479, 255.793852, 249.571469, 241.812945, 211.794225, 207.332875, 209.628087, 238.623821, 210.701928
226.391399, 241.196250, 237.780846, 221.632705, 206.749933, 237.733592, 185.272949, 202.585777, 233.077748, 245.406172, 204.219742, 251.870309, 231.649045, 233.103542, 243.348775, 233.347442, 197.840245, 236.597931, 196.224347, 227.168363, 229.242054, 225.428479, 255.793852, 249.571469, 241.812945, 211.794225, 207.332875, 209.628087, 238.623821, 210.701928
226.391399, 241.196250, 237.780846, 221.632705, 206.749933, 237.733592, 185.272949, 202.585777, 233.077748, 245.406172, 204.219742, 251.870309, 231.649045, 233.103542, 243.348775, 233.347442, 197.840245, 236.597931, 196.224347, 227.168363, 229.242054, 225.428479, 255.793852, 249.571469, 241.812945, 211.794225, 207.332875, 209.628087, 238.623821, 210.701928
226.391399, 241.196250, 237.780846, 221.632705, 206.749933, 237.733592, 185.272949, 202.585777, 233.077748, 245.406172, 204.219742, 251.870309, 231.649045, 233.103542, 243.348775, 233.347442, 197.840245, 236.597931, 196.224347, 227.168363, 229.242054, 225.428479, 255.793852, 249.571469, 241.812945, 211.794225, 207.332875, 209.628087, 238.623821, 210.701928
226.391399, 241.196250, 237.780846, 221.632705, 206.749933, 237.733592, 185.272949, 202.585777, 233.077748, 245.406172, 204.219742, 251.870309, 231.649045, 233.103542, 243.348775, 233.347442, 197.840245, 236.597931, 196.224347, 227.168363, 229.242054, 225.428479, 255.793852, 249.571469, 241.812945, 211.794225, 207.332875, 209.628087, 238.623821, 210.701928
226.391399, 241.196250, 237.780846, 221.632705, 206.749933, 237.733592, 185.272949, 202.585777, 233.077748, 245.406172, 204.219742, 251.870309, 231.649045, 233.103542, 243.348775, 233.347442, 197.840245, 236.597931, 196.224347, 227.168363, 229.242054, 225.428479, 255.793852, 249.571469, 241.812945, 211.794225, 207.332875, 209.628087, 238.623821, 210.701928
226.391399, 241.196250, 237.780846, 221.632705, 206.749933, 237.733592, 185.272949, 202.585777, 233.077748, 245.406172, 204.219742, 251.870309, 231.649045, 233.103542, 243.348775, 233.347442, 197.840245, 236.597931, 196.224347, 227.168363, 229.242054, 225.428479, 255.793852, 249.571469, 241.812945, 211.794225, 207.332875, 209.628087, 238.623821, 210.701928
226.391399, 241.196250, 237.780846, 221.632705, 206.749933, 237.733592, 185.272949, 202.585777, 233.077748, 245.406172, 204.219742, 251.870309, 231.649045, 233.103542, 243.348775, 233.347442, 197.840245, 236.597931, 196.224347, 227.168363, 229.242054, 225.428479, 255.793852, 249.571469, 241.812945, 211.794225, 207.332875, 209.628087, 238.623821, 210.701928
226.391399, 241.196250, 237.780846, 221.632705, 206.749933, 237.733592, 185.272949, 202.585777, 233.077748, 245.406172, 204.219742, 251.870309, 231.649045, 233.103542, 243.348775, 233.347442, 197.840245, 236.597931, 196.224347, 227.168363, 229.242054, 225.428479, 255.793852, 249.571469, 241.812945, 211.794225, 207.332875, 209.628087, 238.623821, 210.701928
226.391399, 241.196250, 237.780846, 221.632705, 206.749933, 237.733592, 185.272949, 202.585777, 233.077748, 245.406172, 204.219742, 251.870309, 231.649045, 233.103542, 243.348775, 220.377440, 197.840245, 236.597931, 196.224347, 227.168363, 229.242054, 225.428479, 255.793852, 249.571469, 241.812945, 211.794225, 207.332875, 209.628087, 238.623821, 210.701928
226.391399, 241.196250, 237.780846, 221.632705, 206.749933, 237.733592, 185.272949, 202.585777, 233.077748, 245.406172, 204.219742, 251.870309, 231.649045, 233.103542, 243.348775, 220.377440, 197.840245, 236.597931, 196.224347, 227.168363, 229.242054, 225.428479, 255.793852, 249.571469, 241.812945, 211.794225, 207.332875, 209.628087, 238.623821, 210.701928
226.391399, 241.196250, 237.780846, 221.632705, 206.749933, 237.733592, 185.272949, 202.585777, 233.077748, 245.406172, 204.219742, 251.870309, 231.649045, 233.103542, 243.348775, 220.377440, 197.840245, 236.597931, 196.224347, 227.168363, 229.242054, 225.428479, 255.793852, 249.571469, 241.812945, 211.794225, 207.332875, 209.628087, 238.623821, 210.701928
226.391399, 241.196250, 237.780846, 221.632705, 206.749933, 237.733592, 185.272949, 202.585777, 233.077748, 245.406172, 204.219742, 251.870309, 231.649045, 233.103542, 243.348775, 220.377440, 197.840245, 236.597931, 196.224347, 227.168363, 229.242054, 225.428479, 255.793852, 249.571469, 241.812945, 211.794225, 207.332875, 209.628087, 238.623821, 210.701928
226.391399, 241.196250, 237.780846, 221.632705, 206.749933, 237.733592, 185.272949, 202.585777, 233.077748, 245.406172, 204.219742, 251.870309, 231.649045, 233.103542, 243.348775, 220.377440, 197.840245, 236.597931, 196.224347, 227.168363, 229.242054, 225.428479, 255.793852, 249.571469, 241.812945, 211.794225, 207.332875, 209.628087, 238.623821, 210.701928
226.391399, 241.196250, 237.780846, 221.632705, 206.749933, 237.733592, 185.272949, 202.585777, 233.077748, 245.406172, 204.219742, 251.870309, 231.649045, 233.103542, 243.348775, 220.377440, 197.840245, 236.597931, 196.224347, 227.168363, 229.242054, 225.428479, 255.793852, 249.571469, 241.812945, 211.794225, 207.332875, 209.628087, 238.623821, 210.701928
226.391399, 241.196250, 237.780846, 221.632705, 206.749933, 237.733592, 185.272949, 202.585777, 233.077748, 245.406172, 204.219742, 251.870309, 231.649045, 233.103542, 243.348775, 220.377440, 197.840245, 236.597931, 196.224347, 227.168363, 229.242054, 225.428479, 243.174220, 249.571469, 241.812945, 211.794225, 207.332875, 209.628087, 238.623821, 210.701928
226.391399, 241.196250, 237.780846, 221.632705, 206.749933, 237.733592, 185.272949, 202.585777, 233.077748, 245.406172, 204.219742, 251.870309, 231.649045, 233.103542, 243.348775, 220.377440, 197.840245, 236.597931, 196.224347, 227.168363, 229.242054, 225.428479, 243.174220, 249.571469, 241.812945, 211.794225, 207.332875, 209.628087, 238.623821, 210.701928
226.391399, 241.196250, 237.780846, 221.632705, 206.749933, 237.733592, 185.272949, 202.585777, 233.077748, 245.406172, 204.219742, 251.870309, 231.649045, 233.103542, 243.348775, 220.377440, 197.840245, 236.597931, 196.224347, 227.168363, 229.242054, 225.428479, 243.174220, 249.571469, 241.812945, 211.794225, 207.332875, 209.628087, 238.623821, 210.701928
226.391399, 241.196250, 237.780846, 221.632705, 206.749933, 237.733592, 185.272949, 202.585777, 233.077748, 245.406172, 204.219742, 251.870309, 231.649045, 233.103542, 243.348775, 220.377440, 197.840245, 236.597931, 196.224347, 227.168363, 229.242054, 225.428479, 243.174220, 249.571469, 241.812945, 211.794225, 207.332875, 209.628087, 238.623821, 210.701928
226.391399, 241.196250, 237.780846, 221.632705, 206.749933, 237.733592, 185.272949, 202.585777, 233.077748, 245.406172, 204.219742, 251.870309, 231.649045, 233.103542, 243.348775, 220.377440, 197.840245, 236.597931, 196.224347, 227.168363, 229.242054, 225.428479, 243.174220, 249.571469, 241.812945, 211.794225, 207.332875, 209.628087, 238.623821, 210.701928
226.391399, 241.196250, 237.780846, 221.632705, 206.749933, 237.733592, 185.272949, 202.585777, 233.077748, 245.406172, 204.219742, 251.870309, 231.649045, 233.103542, 243.348775, 220.377440, 197.840245, 236.597931, 196.224347, 227.168363, 229.242054, 225.428479, 243.174220, 249.571469, 241.812945, 211.794225, 207.332875, 209.628087, 238.623821, 210.701928
226.391399, 241.196250, 237.780846, 221.632705, 206.749933, 237.733592, 185.272949, 202.585777, 233.077748, 245.406172, 204.219742, 251.870309, 231.649045, 233.103542, 243.348775, 220.377440, 197.840245, 236.597931, 196.224347, 227.168363, 229.242054, 225.428479, 243.174220, 249.571469, 241.812945, 211.794225, 207.332875, 209.628087, 238.623821, 210.701928
226.391399, 241.196250, 237.780846, 221.632705, 206.749933, 237.733592, 185.272949, 202.585777, 233.077748, 245.406172, 204.219742, 251.870309, 231.649045, 233.103542, 243.348775, 220.377440, 197.840245, 236.597931, 196.224347, 227.168363, 229.242054, 225.428479, 243.174220, 243.097132, 241.812945, 211.794225, 207.332875, 209.628087, 238.623821, 210.701928
226.391399, 241.196250, 237.780846, 221.632705, 206.749933, 237.733592, 185.272949, 202.585777, 233.077748, 245.406172, 204.219742, 251.870309, 231.649045, 233.103542, 243.348775, 220.377440, 197.840245, 236.597931, 196.224347, 227.168363, 229.242054, 225.428479, 243.174220, 243.097132, 241.812945, 211.794225, 207.332875, 209.628087, 238.623821, 210.701928
226.391399, 241.196250, 237.780846, 221.632705, 206.749933, 237.733592, 185.272949, 202.585777, 233.077748, 245.406172, 204.219742, 251.870309, 231.649045, 233.103542, 243.348775, 220.377440, 197.840245, 236.597931, 196.224347, 227.168363, 229.242054, 225.428479, 243.174220, 243.097132, 241.812945, 211.794225, 207.332875, 209.628087, 238.623821, 210.701928
226.391399, 241.196250, 237.780846, 221.632705, 206.749933, 237.733592, 185.272949, 202.585777, 233.077748, 245.406172, 204.219742, 251.870309, 231.649045, 233.103542, 243.348775, 220.377440, 197.840245, 236.597931, 196.224347, 227.168363, 229.242054, 225.428479, 243.174220, 243.097132, 241.812945, 211.794225, 207.332875, 209.628087, 238.623821, 210.701928
226.391399, 241.196250, 237.780846, 221.632705, 206.749933, 237.733592, 185.272949, 202.585777, 233.077748, 245.406172, 204.219742, 251.870309, 231.649045, 233.103542, 243.348775, 220.377440, 197.840245, 236.597931, 196.224347, 227.168363, 229.242054, 225.428479, 243.174220, 243.097132, 241.812945, 211.794225, 207.332875, 209.628087, 238.623821, 210.701928
226.391399, 241.196250, 237.780846, 221.632705, 206.749933, 237.733592, 185.272949, 202.585777, 233.077748, 245.406172, 204.219742, 251.870309, 231.649045, 233.103542, 243.348775, 220.377440, 197.840245, 236.597931, 196.224347, 227.168363, 229.242054, 225.428479, 243.174220, 243.097132, 241.812945, 211.794225, 207.332875, 209.628087, 238.623821, 210.701928
226.391399, 241.196250, 237.780846, 221.632705, 206.749933, 237.733592, 185.272949, 202.585777, 233.077748, 245.406172, 204.219742, 251.870309, 231.649045, 233.103542, 243.348775, 220.377440, 197.840245, 236.597931, 196.224347, 227.168363, 229.242054, 225.428479, 243.174220, 243.097132, 241.812945, 211.794225, 207.332875, 209.628087, 238.623821, 210.701928
226.391399, 241.196250, 237.780846, 221.632705, 206.749933, 237.733592, 185.272949, 202.585777, 233.077748, 245.406172, 204.219742, 251.870309, 231.649045, 233.103542, 243.348775, 220.377440, 197.840245, 228.549109, 196.224347, 227.168363, 229.242054, 225.428479, 243.174220, 243.097132, 241.812945, 211.794225, 207.332875, 209.628087, 238.623821, 210.701928
226.391399, 241.196250, 237.780846, 221.632705, 206.749933, 237.733592, 185.272949, 202.585777, 233.077748, 245.406172, 204.219742, 251.870309, 231.649045, 233.103542, 243.348775, 220.377440, 197.840245, 228.549109, 196.224347, 227.168363, 229.242054, 225.428479, 243.174220, 243.097132, 241.812945, 211.794225, 207.332875, 209.628087, 238.623821, 210.701928
226.391399, 241.196250, 237.780846, 221.632705, 206.749933, 237.733592, 185.272949, 202.585777, 233.077748, 245.406172, 204.219742, 251.870309, 231.649045, 233.103542, 243.348775, 220.377440, 197.840245, 228.549109, 196.224347, 227.168363, 229.242054, 225.428479, 243.174220, 243.097132, 241.812945, 211.794225, 207.332875, 209.628087, 238.623821, 210.701928
226.391399, 241.196250, 237.780846, 221.632705, 206.749933, 237.733592, 185.272949, 202.585777, 233.077748, 245.406172, 204.219742, 251.870309, 231.649045, 231.465335, 243.348775, 220.377440, 197.840245, 228.549109, 196.224347, 227.168363, 229.242054, 225.428479, 243.174220, 243.097132, 241.812945, 211.794225, 207.332875, 209.628087, 238.623821, 210.701928
226.391399, 241.196250, 237.780846, 221.632705, 206.749933, 237.733592, 185.272949, 202.585777, 233.077748, 245.406172, 204.219742, 251.870309, 231.649045, 231.465335, 243.348775, 220.377440, 197.840245, 228.549109, 196.224347, 227.168363, 229.242054, 225.428479, 243.174220, 243.097132, 241.812945, 211.794225, 207.332875, 209.628087, 238.623821, 210.701928
226.391399, 241.196250, 237.780846, 221.632705, 206.749933, 237.733592, 185.272949, 202.585777, 233.077748, 245.406172, 204.219742, 251.870309, 231.649045, 231.465335, 243.348775, 220.377440, 197.840245, 228.549109, 196.224347, 227.168363, 229.242054, 225.428479, 243.174220, 243.097132, 241.812945, 211.794225, 207.332875, 209.628087, 238.623821, 210.701928
226.391399, 241.196250, 237.780846, 221.632705, 206.749933, 237.733592, 185.272949, 202.585777, 233.077748, 245.406172, 204.219742, 250.083581, 231.649045, 231.465335, 243.348775, 220.377440, 197.840245, 228.549109, 196.224347, 227.168363, 229.242054, 225.428479, 243.174220, 243.097132, 241.812945, 211.794225, 207.332875, 209.628087, 238.623821, 210.701928
226.391399, 241.196250, 237.780846, 221.632705, 206.749933, 237.733592, 185.272949, 202.585777, 233.077748, 245.406172, 204.219742, 247.731936, 231.649045, 231.465335, 243.348775, 220.377440, 197.840245, 228.549109, 196.224347, 227.168363, 229.242054, 225.428479, 243.174220, 243.097132, 241.812945, 211.794225, 207.332875, 209.628087, 238.623821, 210.701928
226.391399, 241.196250, 237.780846, 221.632705, 206.749933, 237.733592, 185.272949, 202.585777, 233.077748, 245.406172, 204.219742, 247.731936, 231.649045, 231.465335, 243.348775, 220.377440, 197.840245, 228.549109, 196.224347, 227.168363, 229.242054, 225.428479, 243.174220, 243.097132, 241.812945, 211.794225, 207.332875, 209.628087, 238.623821, 210.701928
226.391399, 241.196250, 237.780846, 221.632705, 206.749933, 237.733592, 185.272949, 202.585777, 233.077748, 245.406172, 204.219742, 247.731936, 231.649045, 231.465335, 243.348775, 220.377440, 197.840245, 228.549109, 196.224347, 227.168363, 229.242054, 225.428479, 243.174220, 243.097132, 241.812945, 211.794225, 207.332875, 209.628087, 238.623821, 210.701928
226.391399, 241.196250, 237.780846, 221.632705, 206.749933, 237.733592, 185.272949, 202.585777, 233.077748, 245.406172, 204.219742, 247.731936, 231.649045, 231.465335, 243.348775, 220.377440, 197.840245, 228.549109, 196.224347, 227.168363, 229.242054, 225.428479, 243.174220, 243.097132, 241.812945, 211.794225, 207.332875, 209.628087, 238.623821, 210.701928
226.391399, 241.196250, 237.780846, 221.632705, 206.749933, 237.733592, 185.272949, 202.585777, 233.077748, 245.406172, 204.219742, 247.731936, 231.649045, 231.465335, 243.348775, 220.377440, 197.840245, 228.549109, 196.224347, 227.168363, 229.242054, 225.428479, 243.174220, 243.097132, 241.812945, 211.794225, 207.332875, 209.628087, 238.623821, 210.701928
226.391399, 241.196250, 237.780846, 221.632705, 206.749933, 237.733592, 185.272949, 202.585777, 233.077748, 245.406172, 204.219742, 247.731936, 231.649045, 231.465335, 243.348775, 220.377440, 197.840245, 228.549109, 196.224347, 227.168363, 229.242054, 225.428479, 243.174220, 243.097132, 241.812945, 211.794225, 207.332875, 209.628087, 238.623821, 210.701928
226.391399, 241.196250, 237.780846, 221.632705, 206.749933, 233.174304, 185.272949, 202.585777, 233.077748, 245.406172, 204.219742, 247.731936, 231.649045, 231.465335, 243.348775, 220.377440, 197.840245, 228.549109, 196.224347, 227.168363, 229.242054, 225.428479, 243.174220, 243.097132, 241.812945, 211.794225, 207.332875, 209.628087, 238.623821, 210.701928
226.391399, 241.196250, 237.780846, 221.632705, 206.749933, 233.174304, 185.272949, 202.585777, 233.077748, 245.406172, 204.219742, 247.731936, 231.649045, 231.465335, 243.348775, 220.377440, 197.840245, 228.549109, 196.224347, 227.168363, 229.242054, 225.428479, 243.174220, 243.097132, 241.812945, 211.794225, 207.332875, 209.628087, 238.623821, 210.701928
226.391399, 241.196250, 237.780846, 221.632705, 206.749933, 233.174304, 185.272949, 202.585777, 233.077748, 245.406172, 204.219742, 247.731936, 231.649045, 231.465335, 243.348775, 220.377440, 197.840245, 228.549109, 196.224347, 227.168363, 229.242054, 225.428479, 243.174220, 243.097132, 241.812945, 211.794225, 207.332875, 209.628087, 238.623821, 210.701928
226.391399, 241.196250, 237.780846, 221.632705, 206.749933, 233.174304, 185.272949, 202.585777, 233.077748, 245.406172, 204.219742, 247.731936, 231.649045, 231.465335, 243.348775, 220.377440, 197.840245, 228.549109, 196.224347, 227.168363, 229.242054, 225.428479, 243.174220, 243.097132, 241.812945, 211.794225, 207.332875, 209.628087, 238.623821, 210.701928
226.391399, 241.196250, 237.780846, 221.632705, 206.749933, 233.174304, 185.272949, 202.585777, 233.077748, 245.406172, 204.219742, 247.731936, 231.649045, 231.465335, 243.348775, 220.377440, 197.840245, 228.549109, 196.224347, 227.168363, 229.242054, 225.428479, 243.174220, 243.097132, 241.812945, 211.794225, 207.332875, 209.628087, 238.623821, 210.701928
226.391399, 241.196250, 237.780846, 221.632705, 206.749933, 233.174304, 185.272949, 202.585777, 233.077748, 245.406172, 204.219742, 247.731936, 231.649045, 231.465335, 243.348775, 220.377440, 197.840245, 228.549109, 196.224347, 227.168363, 229.242054, 225.428479, 243.174220, 243.097132, 241.812945, 211.794225, 207.332875, 209.628087, 238.623821, 210.701928
226.391399, 241.196250, 237.780846, 221.632705, 206.749933, 233.174304, 185.272949, 202.585777, 233.077748, 245.406172, 204.219742, 247.731936, 231.649045, 231.465335, 243.348775, 220.377440, 197.840245, 228.549109, 196.224347, 227.168363, 229.242054, 225.428479, 243.174220, 243.097132, 241.812945, 211.794225, 207.332875, 209.628087, 238.623821, 210.701928
226.391399, 241.196250, 219.455443, 221.632705, 206.749933, 233.174304, 185.272949, 202.585777, 233.077748, 245.406172, 204.219742, 247.731936, 231.649045, 231.465335, 243.348775, 220.377440, 197.840245, 228.549109, 196.224347, 227.168363, 229.242054, 225.428479, 243.174220, 243.097132, 241.812945, 211.794225, 207.332875, 209.628087, 238.623821, 210.701928
226.391399, 241.196250, 219.455443, 221.632705, 206.749933, 233.174304, 185.272949, 202.585777, 233.077748, 237.454010, 204.219742, 247.731936, 231.649045, 231.465335, 243.348775, 220.377440, 197.840245, 228.549109, 196.224347, 227.168363, 229.242054, 225.428479, 243.174220, 243.097132, 241.812945, 211.794225, 207.332875, 209.628087, 238.623821, 210.701928
226.391399, 241.196250, 219.455443, 221.632705, 206.749933, 233.174304, 185.272949, 202.585777, 233.077748, 237.454010, 204.219742, 247.731936, 231.649045, 231.465335, 243.348775, 220.377440, 197.840245, 228.549109, 196.224347, 227.168363, 229.242054, 225.428479, 243.174220, 243.097132, 241.812945, 211.794225, 207.332875, 209.628087, 238.623821, 210.701928
226.391399, 241.196250, 219.455443, 221.632705, 206.749933, 233.174304, 185.272949, 202.585777, 233.077748, 237.454010, 204.219742, 247.731936, 231.649045, 231.465335, 243.348775, 220.377440, 197.840245, 228.549109, 196.224347, 227.168363, 229.242054, 225.428479, 218.839204, 243.097132, 241.812945, 211.794225, 207.332875, 209.628087, 238.623821, 210.701928
226.391399, 241.196250, 219.455443, 221.632705, 206.749933, 233.174304, 185.272949, 202.585777, 233.077748, 237.454010, 204.219742, 247.731936, 231.649045, 231.465335, 243.348775, 220.377440, 197.840245, 228.549109, 196.224347, 227.168363, 229.242054, 225.428479, 218.839204, 243.097132, 241.812945, 211.794225, 207.332875, 209.628087, 238.623821, 210.701928
226.391399, 241.196250, 219.455443, 221.632705, 206.749933, 233.174304, 185.272949, 202.585777, 233.077748, 237.454010, 204.219742, 247.731936, 231.649045, 231.465335, 243.348775, 207.886886, 197.840245, 228.549109, 196.224347, 227.168363, 229.242054, 225.428479, 218.839204, 243.097132, 241.812945, 211.794225, 207.332875, 209.628087, 238.623821, 210.701928
226.391399, 241.196250, 219.455443, 221.632705, 206.749933, 233.174304, 185.272949, 202.585777, 233.077748, 237.454010, 204.219742, 247.731936, 231.649045, 231.465335, 243.348775, 207.886886, 197.840245, 228.549109, 196.224347, 227.168363, 229.242054, 225.428479, 218.839204, 243.097132, 241.812945, 211.794225, 207.332875, 209.628087, 238.623821, 210.701928
226.391399, 241.196250, 219.455443, 221.632705, 206.749933, 233.174304, 185.272949, 202.585777, 233.077748, 236.195463, 204.219742, 247.731936, 231.649045, 223.912366, 243.348775, 207.886886, 197.840245, 228.549109, 196.224347, 227.168363, 229.242054, 225.428479, 218.839204, 243.097132, 241.812945, 211.794225, 207.332875, 209.628087, 238.623821, 210.701928
226.391399, 241.196250, 219.455443, 221.632705, 206.749933, 233.174304, 185.272949, 202.585777, 233.077748, 236.195463, 204.219742, 247.731936, 231.649045, 223.912366, 243.348775, 207.886886, 197.840245, 228.549109, 196.224347, 227.168363, 229.242054, 225.428479, 218.839204, 243.097132, 241.812945, 211.794225, 207.332875, 209.628087, 238.623821, 210.701928
226.391399, 241.196250, 219.455443, 221.632705, 206.749933, 233.174304, 185.272949, 202.585777, 233.077748, 236.195463, 204.219742, 247.731936, 231.649045, 223.912366, 221.438648, 207.886886, 197.840245, 228.549109, 196.224347, 227.168363, 229.242054, 225.428479, 218.839204, 243.097132, 241.812945, 211.794225, 207.332875, 209.628087, 238.623821, 210.701928
226.391399, 241.196250, 219.455443, 221.632705, 206.749933, 233.174304, 185.272949, 202.585777, 233.077748, 236.195463, 204.219742, 247.731936, 231.649045, 223.912366, 221.438648, 207.886886, 197.840245, 228.549109, 196.224347, 227.168363, 229.242054, 225.428479, 218.839204, 243.097132, 241.812945, 211.794225, 207.332875, 209.628087, 238.623821, 210.701928
226.391399, 241.196250, 219.455443, 221.632705, 206.749933, 233.174304, 185.272949, 202.585777, 233.077748, 236.195463, 204.219742, 247.731936, 231.649045, 223.912366, 221.438648, 207.886886, 197.840245, 228.549109, 196.224347, 227.168363, 229.242054, 225.428479, 218.839204, 243.097132, 241.812945, 211.794225, 207.332875, 209.628087, 238.623821, 210.701928
226.391399, 241.196250, 219.455443, 221.632705, 206.749933, 233.174304, 185.272949, 202.585777, 233.077748, 236.195463, 204.219742, 247.731936, 231.649045, 223.912366, 221.438648, 207.886886, 197.840245, 228.549109, 196.224347, 227.168363, 229.242054, 225.428479, 218.839204, 243.097132, 241.812945, 211.794225, 207.332875, 209.628087, 238.623821, 210.701928
226.391399, 241.196250, 219.455443, 221.632705, 206.749933, 233.174304, 185.272949, 202.585777, 233.077748, 236.195463, 204.219742, 247.731936, 227.182895, 223.912366, 221.438648, 207.886886, 197.840245, 228.549109, 196.224347, 227.168363, 229.242054, 225.428479, 218.839204, 243.097132, 241.812945, 211.794225, 207.332875, 209.628087, 238.623821, 210.701928
226.391399, 241.196250, 219.455443, 221.632705, 206.749933, 233.174304, 185.272949, 202.585777, 233.077748, 236.195463, 204.219742, 247.731936, 227.182895, 223.912366, 221.438648, 207.886886, 197.840245, 228.549109, 196.224347, 227.168363, 229.242054, 225.428479, 218.839204, 243.097132, 241.812945, 211.794225, 207.332875, 209.628087, 238.623821, 210.701928
226.391399, 241.196250, 219.455443, 221.632705, 206.749933, 233.174304, 185.272949, 202.585777, 233.077748, 236.195463, 204.219742, 247.731936, 227.182895, 223.912366, 221.438648, 207.886886, 197.840245, 228.549109, 196.224347, 227.168363, 229.242054, 225.428479, 218.839204, 243.097132, 241.812945, 211.794225, 207.332875, 209.628087, 238.623821, 210.701928
226.391399, 241.196250, 219.455443, 221.632705, 206.749933, 233.174304, 185.272949, 202.585777, 233.077748, 236.195463, 204.219742, 247.731936, 227.182895, 223.912366, 221.438648, 207.886886, 197.840245, 228.549109, 196.224347, 227.168363, 229.242054, 225.428479, 218.839204, 243.097132, 241.812945, 211.794225, 207.332875, 209.628087, 238.623821, 210.701928
226.391399, 241.196250, 219.455443, 221.632705, 206.749933, 233.174304, 185.272949, 202.585777, 233.077748, 236.195463, 204.219742, 247.731936, 227.182895, 223.912366, 221.438648, 207.886886, 197.840245, 228.549109, 196.224347, 227.168363, 229.242054, 225.428479, 218.839204, 243.097132, 241.812945, 211.794225, 207.332875, 209.628087, 238.623821, 210.701928
226.391399, 241.196250, 219.455443, 221.632705, 206.749933, 233.174304, 185.272949, 202.585777, 233.077748, 236.195463, 204.219742, 247.731936, 227.182895, 223.912366, 221.438648, 207.886886, 197.840245, 228.549109, 196.224347, 227.168363, 229.242054, 225.428479, 218.839204, 243.097132, 241.812945, 211.794225, 207.332875, 209.628087, 238.623821, 210.701928
226.391399, 241.196250, 219.455443, 221.632705, 206.749933, 233.174304, 185.272949, 202.585777, 233.077748, 236.195463, 204.219742, 247.731936, 227.182895, 223.912366, 221.438648, 207.886886, 197.840245, 228.549109, 196.224347, 227.168363, 229.242054, 225.428479, 218.839204, 243.097132, 241.812945, 211.794225, 207.332875, 209.628087, 238.623821, 210.701928
226.391399, 241.196250, 219.455443, 221.632705, 206.749933, 233.174304, 185.272949, 202.585777, 233.077748, 236.195463, 204.219742, 247.731936, 227.182895, 223.912366, 221.438648, 207.886886, 197.840245, 228.549109, 196.224347, 223.219756, 229.242054, 225.428479, 218.839204, 243.097132, 241.812945, 211.794225, 207.332875, 209.628087, 238.623821, 210.701928
226.391399, 241.196250, 219.455443, 221.632705, 206.749933, 233.174304, 185.272949, 202.585777, 233.077748, 236.195463, 204.219742, 247.731936, 227.182895, 223.912366, 221.438648, 207.886886, 197.840245, 228.549109, 196.224347, 223.219756, 229.242054, 225.428479, 218.839204, 243.097132, 241.812945, 211.794225, 207.332875, 209.628087, 238.623821, 210.701928
226.391399, 241.196250, 219.455443, 221.632705, 206.749933, 233.174304, 185.272949, 202.585777, 233.077748, 236.195463, 204.219742, 247.731936, 227.182895, 223.912366, 221.438648, 207.886886, 197.840245, 228.549109, 196.224347, 223.219756, 229.242054, 225.428479, 218.839204, 243.097132, 241.812945, 211.794225, 207.332875, 209.628087, 238.623821, 210.701928
226.391399, 241.196250, 219.455443, 221.632705, 206.749933, 233.174304, 185.272949, 202.585777, 233.077748, 236.195463, 204.219742, 247.731936, 227.182895, 223.912366, 221.438648, 207.886886, 197.840245, 222.922941, 196.224347, 223.219756, 229.242054, 225.428479, 218.839204, 243.097132, 241.812945, 211.794225, 207.332875, 209.628087, 238.623821, 210.701928
226.391399, 241.196250, 219.455443, 221.632705, 206.749933, 233.174304, 185.272949, 202.585777, 233.077748, 236.195463, 204.219742, 247.731936, 227.182895, 223.912366, 221.438648, 207.886886, 197.840245, 222.922941, 196.224347, 223.219756, 229.242054, 225.428479, 218.839204, 243.097132, 241.812945, 211.794225, 207.332875, 209.628087, 238.623821, 210.701928
226.391399, 241.196250, 219.455443, 221.632705, 206.749933, 233.174304, 185.272949, 202.585777, 233.077748, 236.195463, 204.219742, 247.731936, 227.182895, 223.912366, 221.438648, 207.886886, 197.840245, 222.922941, 196.224347, 223.219756, 229.242054, 225.428479, 218.839204, 243.097132, 241.812945, 211.794225, 207.332875, 209.628087, 238.623821, 210.701928
226.391399, 241.196250, 219.455443, 221.632705, 206.749933, 233.174304, 185.272949, 202.585777, 233.077748, 236.195463, 204.219742, 247.731936, 227.182895, 223.912366, 221.438648, 207.886886, 197.840245, 222.922941, 196.224347, 223.219756, 229.242054, 225.428479, 218.839204, 243.097132, 241.812945, 211.794225, 207.332875, 209.628087, 238.623821, 210.701928
226.391399, 241.196250, 219.455443, 221.632705, 206.749933, 233.174304, 185.272949, 202.585777, 233.077748, 236.195463, 204.219742, 247.731936, 227.182895, 223.912366, 221.438648, 207.886886, 197.840245, 222.922941, 196.224347, 223.219756, 229.242054, 225.428479, 218.839204, 243.097132, 241.812945, 211.794225, 207.332875, 209.628087, 238.623821, 210.701928
226.391399, 241.196250, 219.455443, 221.632705, 206.749933, 233.174304, 185.272949, 202.585777, 233.077748, 236.195463, 204.219742, 247.731936, 227.182895, 223.912366, 221.438648, 207.886886, 197.840245, 222.922941, 196.224347, 223.219756, 229.242054, 225.428479, 218.839204, 243.097132, 241.812945, 211.794225, 207.332875, 209.628087, 238.623821, 210.701928
226.391399, 241.196250, 219.455443, 221.632705, 206.749933, 233.174304, 185.272949, 202.585777, 233.077748, 236.195463, 204.219742, 247.731936, 227.182895, 223.912366, 221.438648, 207.886886, 197.840245, 222.922941, 196.224347, 223.219756, 229.242054, 225.428479, 218.839204, 243.097132, 241.812945, 211.794225, 207.332875, 209.628087, 238.623821, 210.701928
226.391399, 241.196250, 219.455443, 221.632705, 206.749933, 233.174304, 185.272949, 202.585777, 233.077748, 236.195463, 204.219742, 247.731936, 227.182895, 223.912366, 221.438648, 207.886886, 197.840245, 222.922941, 196.224347, 223.219756, 229.242054, 225.428479, 218.839204, 243.097132, 241.812945, 211.794225, 207.332875, 209.628087, 238.623821, 210.701928
226.391399, 241.196250, 219.455443, 221.632705, 206.749933, 233.174304, 185.272949, 202.585777, 233.077748, 236.195463, 204.219742, 247.731936, 227.182895, 223.912366, 221.438648, 207.886886, 197.840245, 222.922941, 196.224347, 223.219756, 229.242054, 225.428479, 218.839204, 243.097132, 241.812945, 211.794225, 207.332875, 209.628087, 238.623821, 210.701928
219.151770, 241.196250, 219.455443, 221.632705, 206.749933, 233.174304, 185.272949, 202.585777, 233.077748, 236.195463, 204.219742, 247.731936, 227.182895, 223.912366, 221.438648, 207.886886, 197.840245, 222.922941, 196.224347, 223.219756, 229.242054, 225.428479, 218.839204, 243.097132, 241.812945, 211.794225, 207.332875, 209.628087, 238.623821, 210.701928
219.151770, 241.196250, 219.455443, 221.632705, 206.749933, 233.174304, 185.272949, 202.585777, 233.077748, 236.195463, 204.219742, 247.731936, 227.182895, 223.912366, 221.438648, 207.886886, 197.840245, 222.922941, 196.224347, 223.219756, 229.242054, 225.428479, 218.839204, 243.097132, 241.812945, 211.794225, 207.332875, 209.628087, 238.623821, 210.701928
219.151770, 241.196250, 219.455443, 221.632705, 206.749933, 233.174304, 185.272949, 202.585777, 233.077748, 236.195463, 204.219742, 247.731936, 227.182895, 223.912366, 221.438648, 207.886886, 197.840245, 222.922941, 196.224347, 223.219756, 229.242054, 225.428479, 218.839204, 243.097132, 241.812945, 211.794225, 207.332875, 209.628087, 238.623821, 210.701928
219.151770, 241.196250, 219.455443, 221.632705, 206.749933, 233.174304, 185.272949, 202.585777, 233.077748, 236.195463, 204.219742, 247.731936, 227.182895, 223.912366, 221.438648, 207.886886, 197.840245, 222.922941, 196.224347, 223.219756, 229.242054, 225.428479, 218.839204, 243.097132, 241.812945, 211.794225, 207.332875, 209.628087, 238.623821, 210.701928
219.151770, 241.196250, 219.455443, 221.632705, 206.749933, 233.174304, 185.272949, 202.585777, 233.077748, 236.195463, 204.219742, 247.731936, 222.858645, 223.912366, 221.438648, 207.886886, 197.840245, 222.922941, 196.224347, 223.219756, 229.242054, 225.428479, 218.839204, 243.097132, 241.812945, 211.794225, 207.332875, 209.628087, 238.623821, 210.701928
219.151770, 241.196250, 219.455443, 221.632705, 206.749933, 233.174304, 185.272949, 202.585777, 233.077748, 236.195463, 204.219742, 247.731936, 222.858645, 223.912366, 221.438648, 207.886886, 197.840245, 222.922941, 196.224347, 223.219756, 229.242054, 225.428479, 218.839204, 243.097132, 241.812945, 211.794225, 207.332875, 209.628087, 238.623821, 210.701928
219.151770, 241.196250, 219.455443, 221.632705, 206.749933, 233.174304, 185.272949, 202.585777, 233.077748, 236.195463, 204.219742, 247.731936, 222.858645, 223.912366, 221.438648, 207.886886, 197.840245, 222.922941, 196.224347, 223.219756, 229.242054, 225.428479, 218.839204, 243.097132, 241.812945, 211.794225, 207.332875, 209.628087, 238.623821, 210.701928
219.151770, 241.196250, 219.455443, 221.632705, 206.749933, 194.039424, 185.272949, 202.585777, 233.077748, 236.195463, 204.219742, 247.731936, 222.858645, 223.912366, 221.438648, 207.886886, 197.840245, 222.922941, 196.224347, 223.219756, 229.242054, 225.428479, 218.839204, 243.097132, 241.812945, 211.794225, 207.332875, 209.628087, 238.623821, 210.701928
219.151770, 241.196250, 219.455443, 221.632705, 206.749933, 194.039424, 185.272949, 202.585777, 233.077748, 236.195463, 204.219742, 247.731936, 222.858645, 223.912366, 221.438648, 207.886886, 197.840245, 222.922941, 196.224347, 223.219756, 229.242054, 225.428479, 218.839204, 243.097132, 241.812945, 211.794225, 207.332875, 209.628087, 238.623821, 210.701928
219.151770, 241.196250, 219.455443, 221.632705, 206.749933, 194.039424, 185.272949, 202.585777, 233.077748, 236.195463, 204.219742, 247.731936, 222.858645, 223.912366, 221.438648, 207.886886, 197.840245, 222.922941, 196.224347, 223.219756, 229.242054, 225.428479, 218.839204, 243.097132, 241.812945, 211.794225, 207.332875, 209.628087, 238.623821, 210.701928
219.151770, 241.196250, 219.455443, 221.632705, 206.749933, 194.039424, 185.272949, 202.585777, 233.077748, 236.195463, 204.219742, 247.731936, 222.858645, 223.912366, 221.438648, 207.886886, 197.840245, 222.922941, 196.224347, 223.219756, 229.242054, 225.428479, 218.839204, 243.097132, 241.812945, 211.794225, 207.332875, 209.628087, 238.623821, 210.701928
219.151770, 241.196250, 219.455443, 221.632705, 206.749933, 194.039424, 185.272949, 202.585777, 233.077748, 236.195463, 204.219742, 247.731936, 222.858645, 223.912366, 221.438648, 207.886886, 197.840245, 222.922941, 196.224347, 223.219756, 229.242054, 225.428479, 218.839204, 243.097132, 241.812945, 211.794225, 207.332875, 209.628087, 238.623821, 210.701928
219.151770, 241.196250, 219.455443, 221.632705, 206.749933, 194.039424, 185.272949, 202.585777, 233.077748, 236.195463, 204.219742, 247.731936, 222.858645, 223.912366, 221.438648, 207.886886, 197.840245, 222.922941, 196.224347, 223.219756, 229.242054, 225.428479, 218.839204, 243.097132, 241.812945, 211.794225, 207.332875, 209.628087, 238.623821, 210.701928
219.151770, 241.196250, 219.455443, 221.632705, 206.749933, 194.039424, 185.272949, 202.585777, 233.077748, 236.195463, 204.219742, 247.731936, 222.858645, 223.912366, 221.438648, 207.886886, 197.840245, 222.922941, 196.224347, 223.219756, 229.242054, 225.428479, 218.839204, 243.097132, 241.812945, 211.794225, 207.332875, 209.628087, 238.623821, 210.701928
219.151770, 241.196250, 219.455443, 221.632705, 206.749933, 194.039424, 185.272949, 202.585777, 233.077748, 236.195463, 204.219742, 247.731936, 222.858645, 223.912366, 221.438648, 207.886886, 197.840245, 222.922941, 196.224347, 223.219756, 229.242054, 225.428479, 218.839204, 243.097132, 241.812945, 211.794225, 207.332875, 209.628087, 238.623821, 210.701928
219.151770, 241.196250, 219.455443, 221.632705, 206.749933, 194.039424, 185.272949, 202.585777, 233.077748, 236.195463, 204.219742, 247.731936, 222.858645, 223.912366, 221.438648, 207.886886, 197.840245, 222.922941, 196.224347, 223.219756, 229.242054, 225.428479, 218.839204, 243.097132, 241.812945, 211.794225, 207.332875, 209.628087, 238.623821, 210.701928
219.151770, 241.196250, 219.455443, 221.632705, 206.749933, 194.039424, 185.272949, 202.585777, 233.077748, 236.195463, 204.219742, 247.731936, 222.858645, 223.912366, 221.438648, 207.886886, 197.840245, 222.922941, 196.224347, 223.219756, 229.242054, 225.428479, 218.839204, 243.097132, 241.812945, 211.794225, 207.332875, 209.628087, 238.623821, 210.701928
219.151770, 241.196250, 219.455443, 221.632705, 206.749933, 194.039424, 185.272949, 202.585777, 233.077748, 236.195463, 204.219742, 247.731936, 222.858645, 223.912366, 221.438648, 207.886886, 197.840245, 222.922941, 196.224347, 223.219756, 229.242054, 225.428479, 218.839204, 243.097132, 241.812945, 211.794225, 207.332875, 209.628087, 238.623821, 210.701928
219.151770, 241.196250, 219.455443, 221.632705, 206.749933, 194.039424, 185.272949, 202.585777, 233.077748, 236.195463, 204.219742, 247.731936, 222.858645, 223.912366, 221.438648, 207.886886, 197.840245, 222.922941, 196.224347, 223.219756, 229.242054, 225.428479, 218.839204, 243.097132, 241.812945, 211.794225, 207.332875, 209.628087, 238.623821, 210.701928
219.151770, 241.196250, 219.455443, 221.632705, 206.749933, 194.039424, 185.272949, 202.585777, 233.077748, 236.195463, 204.219742, 247.731936, 222.858645, 223.912366, 221.438648, 207.886886, 197.840245, 222.922941, 196.224347, 223.219756, 229.242054, 225.428479, 218.839204, 243.097132, 241.812945, 211.794225, 207.332875, 209.628087, 238.623821, 210.701928
219.151770, 241.196250, 219.455443, 221.632705, 206.749933, 194.039424, 185.272949, 202.585777, 233.077748, 236.195463, 204.219742, 247.731936, 222.858645, 223.912366, 221.438648, 207.886886, 197.840245, 222.922941, 196.224347, 223.219756, 229.242054, 225.428479, 218.839204, 243.097132, 241.812945, 211.794225, 207.332875, 209.628087, 238.623821, 210.701928
219.151770, 241.196250, 219.455443, 221.632705, 206.749933, 194.039424, 185.272949, 202.585777, 233.077748, 236.195463, 204.219742, 247.731936, 222.858645, 223.912366, 221.438648, 207.886886, 197.840245, 222.922941, 196.224347, 223.219756, 229.242054, 225.428479, 218.839204, 243.097132, 241.812945, 211.794225, 207.332875, 209.628087, 238.623821, 210.701928
219.151770, 241.196250, 219.455443, 221.632705, 206.749933, 194.039424, 185.272949, 202.585777, 233.077748, 236.195463, 204.219742, 247.731936, 222.858645, 223.912366, 221.438648, 207.886886, 197.840245, 222.922941, 196.224347, 223.219756, 229.242054, 225.428479, 218.839204, 243.097132, 241.812945, 211.794225, 207.332875, 209.628087, 238.623821, 210.701928
219.151770, 241.196250, 219.455443, 221.632705, 206.749933, 194.039424, 185.272949, 202.585777, 233.077748, 236.195463, 204.219742, 247.731936, 222.858645, 223.912366, 221.438648, 207.886886, 197.840245, 222.922941, 196.224347, 223.219756, 229.242054, 225.428479, 218.839204, 243.097132, 241.812945, 211.794225, 207.332875, 209.628087, 238.623821, 210.701928
