experimento1, experimento2, experimento3, experimento4, experimento5, experimento6, experimento7, experimento8, experimento9, experimento10, experimento11, experimento12, experimento13, experimento14, experimento15, experimento16, experimento17, experimento18, experimento19, experimento20, experimento21, experimento22, experimento23, experimento24, experimento25, experimento26, experimento27, experimento28, experimento29, experimento30
290.382210, 300.468645, 300.080272, 339.389143, 338.233665, 292.914483, 330.847470, 325.463799, 289.501043, 347.967819, 318.044596, 387.294051, 308.277364, 271.763771, 333.244664, 329.568418, 306.983154, 299.926894, 295.979258, 347.261522, 314.105303, 336.395218, 353.426958, 309.161009, 322.921287, 327.385054, 335.552470, 303.968366, 325.286653, 311.019274
290.382210, 233.266579, 300.080272, 258.013576, 267.761609, 292.914483, 256.242495, 279.079902, 256.527715, 216.993916, 286.478102, 280.370182, 289.087287, 229.641015, 267.822875, 285.029416, 268.617134, 299.926894, 295.979258, 316.061131, 305.426337, 332.087720, 273.696421, 272.406129, 268.615187, 327.385054, 249.843410, 273.404650, 296.027632, 267.121486
252.267625, 225.313163, 285.438702, 258.013576, 263.789793, 240.975944, 256.242495, 279.079902, 245.193010, 216.993916, 274.630425, 272.673501, 258.553171, 229.641015, 267.822875, 274.656097, 247.090035, 279.429516, 244.593576, 290.779118, 261.087847, 294.749775, 272.062968, 272.406129, 265.932896, 321.911556, 249.843410, 273.404650, 275.273646, 267.121486
252.267625, 225.313163, 261.202528, 258.013576, 263.789793, 240.975944, 217.554088, 279.079902, 245.193010, 216.993916, 216.275654, 272.673501, 258.553171, 228.241976, 267.822875, 266.188257, 247.090035, 279.429516, 244.593576, 290.779118, 261.087847, 240.860127, 272.062968, 272.406129, 264.900070, 261.673331, 249.843410, 273.404650, 253.976501, 203.891792
252.267625, 216.977228, 261.202528, 258.013576, 263.789793, 235.723634, 217.554088, 279.079902, 245.193010, 216.993916, 216.275654, 272.673501, 258.553171, 228.241976, 267.822875, 266.059605, 247.090035, 275.749197, 244.593576, 280.495906, 261.087847, 240.860127, 255.023492, 249.285213, 257.959140, 261.673331, 249.492688, 273.404650, 253.976501, 203.891792
252.267625, 216.977228, 261.202528, 258.013576, 263.789793, 235.723634, 217.554088, 247.594614, 245.193010, 216.993916, 216.275654, 255.848228, 258.553171, 228.241976, 267.822875, 254.581632, 247.090035, 267.275491, 244.593576, 280.495906, 261.087847, 226.279501, 253.297180, 249.285213, 257.959140, 261.673331, 249.492688, 254.779624, 253.976501, 203.891792
252.267625, 216.977228, 251.362203, 258.013576, 263.789793, 235.723634, 217.554088, 247.594614, 245.193010, 216.993916, 216.275654, 255.848228, 258.553171, 228.241976, 241.064141, 254.581632, 247.090035, 267.275491, 244.593576, 280.495906, 261.087847, 226.279501, 243.426494, 249.285213, 257.959140, 253.853216, 249.492688, 254.779624, 252.919606, 203.891792
252.267625, 216.977228, 251.362203, 258.013576, 246.870562, 235.723634, 217.554088, 247.594614, 245.193010, 216.993916, 216.275654, 255.848228, 187.779365, 228.241976, 241.064141, 229.665867, 247.090035, 267.275491, 244.593576, 280.495906, 261.087847, 226.279501, 243.426494, 220.825316, 257.959140, 237.265532, 229.045406, 254.779624, 251.939654, 203.891792
252.267625, 216.977228, 246.584848, 255.831326, 246.870562, 235.723634, 217.554088, 247.594614, 241.025670, 216.993916, 216.275654, 255.848228, 187.779365, 228.241976, 241.064141, 229.665867, 247.090035, 267.275491, 244.593576, 251.001188, 261.087847, 226.279501, 243.426494, 220.825316, 257.959140, 237.265532, 229.045406, 254.779624, 251.939654, 203.891792
252.267625, 216.977228, 246.584848, 255.831326, 246.870562, 235.723634, 217.554088, 247.594614, 241.025670, 216.993916, 216.275654, 255.848228, 187.779365, 228.241976, 241.064141, 229.665867, 247.090035, 267.275491, 231.189708, 239.518335, 229.043961, 226.279501, 243.426494, 220.825316, 257.959140, 237.265532, 229.045406, 254.779624, 251.939654, 203.891792
252.267625, 216.977228, 246.584848, 255.831326, 246.870562, 235.723634, 217.554088, 247.594614, 241.025670, 216.993916, 216.275654, 255.848228, 187.779365, 228.241976, 214.291635, 229.665867, 247.090035, 249.369846, 231.189708, 238.828791, 229.043961, 226.279501, 243.426494, 220.825316, 251.064274, 237.265532, 229.045406, 244.844114, 251.939654, 203.891792
252.267625, 216.977228, 246.584848, 255.831326, 246.870562, 235.723634, 217.554088, 247.594614, 241.025670, 216.993916, 216.275654, 255.848228, 187.779365, 228.241976, 214.291635, 229.665867, 247.090035, 249.369846, 231.189708, 238.828791, 229.043961, 226.279501, 243.426494, 220.825316, 245.881367, 237.265532, 229.045406, 244.844114, 251.939654, 203.891792
251.418452, 206.804320, 246.584848, 255.831326, 246.870562, 235.723634, 217.554088, 247.594614, 241.025670, 216.993916, 216.275654, 243.314787, 187.779365, 228.241976, 214.291635, 212.642425, 247.090035, 249.369846, 231.189708, 238.828791, 229.043961, 226.279501, 243.426494, 220.825316, 245.881367, 222.511903, 229.045406, 244.844114, 251.939654, 203.891792
251.418452, 206.804320, 240.442202, 255.802237, 246.870562, 235.723634, 217.554088, 247.594614, 241.025670, 216.993916, 216.275654, 243.314787, 187.779365, 228.241976, 214.291635, 212.642425, 247.090035, 249.369846, 231.189708, 238.828791, 229.043961, 226.279501, 239.678270, 220.825316, 234.262810, 222.511903, 229.045406, 244.844114, 251.939654, 203.891792
224.817960, 206.804320, 240.442202, 255.802237, 246.870562, 235.723634, 217.554088, 247.594614, 241.025670, 216.993916, 216.275654, 221.696659, 187.779365, 228.241976, 214.291635, 212.642425, 219.045185, 249.369846, 231.189708, 238.828791, 229.043961, 226.279501, 239.678270, 220.825316, 234.262810, 222.511903, 229.045406, 244.844114, 251.939654, 203.891792
224.817960, 206.804320, 240.442202, 240.333205, 246.870562, 235.723634, 217.554088, 247.594614, 241.025670, 216.993916, 216.275654, 193.566552, 187.779365, 228.241976, 214.291635, 212.642425, 216.899317, 249.369846, 231.189708, 238.828791, 229.043961, 226.279501, 239.678270, 220.825316, 234.262810, 221.153406, 229.045406, 244.844114, 251.939654, 203.891792
224.817960, 206.804320, 240.442202, 219.243262, 246.870562, 235.723634, 217.554088, 247.594614, 241.025670, 216.993916, 216.275654, 193.566552, 187.779365, 228.241976, 214.291635, 212.642425, 216.899317, 249.369846, 231.189708, 238.828791, 229.043961, 226.279501, 229.019143, 220.825316, 234.262810, 221.153406, 229.045406, 244.844114, 244.041569, 203.891792
224.817960, 206.804320, 234.591273, 219.243262, 246.870562, 222.003787, 217.554088, 223.371424, 241.025670, 216.993916, 216.275654, 193.566552, 187.779365, 228.241976, 214.291635, 212.642425, 216.899317, 249.369846, 231.189708, 238.828791, 229.043961, 226.279501, 187.656394, 220.825316, 234.262810, 221.153406, 229.045406, 244.844114, 244.041569, 203.891792
224.817960, 206.804320, 234.591273, 219.243262, 246.870562, 222.003787, 217.554088, 223.371424, 241.025670, 216.993916, 216.275654, 193.566552, 187.779365, 228.241976, 214.291635, 212.642425, 216.899317, 249.369846, 231.189708, 238.828791, 229.043961, 226.279501, 187.656394, 220.825316, 234.262810, 221.153406, 229.045406, 244.844114, 244.041569, 203.891792
224.817960, 206.804320, 234.591273, 219.243262, 246.870562, 222.003787, 217.554088, 223.371424, 241.025670, 216.993916, 216.275654, 193.566552, 187.779365, 228.241976, 214.291635, 212.642425, 216.899317, 249.369846, 226.471470, 238.828791, 229.043961, 226.279501, 187.656394, 220.825316, 234.262810, 221.153406, 229.045406, 244.844114, 244.041569, 203.891792
224.817960, 206.804320, 234.591273, 219.243262, 246.870562, 222.003787, 217.554088, 223.371424, 241.025670, 188.436921, 216.275654, 193.566552, 187.779365, 228.241976, 214.291635, 212.642425, 216.899317, 237.164381, 226.471470, 238.828791, 229.043961, 226.279501, 187.656394, 220.825316, 234.262810, 221.153406, 229.045406, 244.844114, 244.041569, 203.891792
224.817960, 206.804320, 234.591273, 219.243262, 246.870562, 222.003787, 217.554088, 223.371424, 241.025670, 188.436921, 216.275654, 193.566552, 187.779365, 228.241976, 214.291635, 212.642425, 216.899317, 237.164381, 226.471470, 238.828791, 229.043961, 226.279501, 187.656394, 220.825316, 234.262810, 221.153406, 229.045406, 244.844114, 244.041569, 203.891792
224.817960, 206.804320, 234.591273, 219.243262, 246.870562, 222.003787, 217.554088, 223.371424, 230.317805, 188.436921, 216.275654, 193.566552, 187.779365, 228.241976, 214.291635, 212.642425, 216.899317, 237.164381, 226.471470, 238.828791, 229.043961, 226.279501, 187.656394, 220.825316, 228.761047, 221.153406, 229.045406, 244.844114, 244.041569, 203.891792
224.817960, 206.804320, 222.503068, 219.243262, 246.870562, 222.003787, 217.554088, 223.371424, 230.317805, 188.436921, 216.275654, 193.566552, 187.779365, 228.241976, 214.291635, 212.642425, 216.899317, 237.164381, 226.471470, 238.828791, 229.043961, 226.279501, 187.656394, 220.825316, 228.761047, 221.153406, 229.045406, 241.850198, 233.044325, 203.891792
224.817960, 206.804320, 222.503068, 219.243262, 246.870562, 222.003787, 217.554088, 223.371424, 230.317805, 188.436921, 216.275654, 193.566552, 187.779365, 228.241976, 214.291635, 212.642425, 216.899317, 237.164381, 226.471470, 238.828791, 229.043961, 226.279501, 187.656394, 220.825316, 228.761047, 221.153406, 229.045406, 241.850198, 233.044325, 203.891792
224.817960, 206.804320, 222.503068, 219.243262, 239.975865, 222.003787, 217.554088, 223.371424, 230.317805, 188.436921, 216.275654, 193.566552, 187.779365, 228.241976, 214.291635, 212.642425, 216.899317, 237.164381, 226.471470, 238.828791, 229.043961, 226.279501, 187.656394, 220.825316, 228.761047, 221.153406, 229.045406, 241.850198, 233.044325, 203.891792
224.817960, 206.804320, 222.503068, 219.243262, 239.975865, 222.003787, 217.554088, 223.371424, 230.317805, 188.436921, 216.275654, 193.566552, 187.779365, 228.241976, 214.291635, 212.642425, 216.899317, 237.164381, 226.471470, 228.138626, 207.255986, 226.279501, 187.656394, 220.825316, 228.761047, 221.153406, 229.045406, 241.850198, 233.044325, 203.891792
224.817960, 206.804320, 222.503068, 219.243262, 239.975865, 222.003787, 217.554088, 223.371424, 230.317805, 188.436921, 216.275654, 193.566552, 187.779365, 228.241976, 214.291635, 212.642425, 216.899317, 237.164381, 226.471470, 228.138626, 207.255986, 226.279501, 187.656394, 220.825316, 228.761047, 221.153406, 229.045406, 241.850198, 233.044325, 203.891792
224.817960, 206.804320, 222.503068, 219.243262, 239.975865, 222.003787, 217.554088, 223.371424, 230.317805, 188.436921, 216.275654, 193.566552, 187.779365, 228.241976, 214.291635, 212.642425, 216.899317, 237.164381, 226.471470, 228.138626, 207.255986, 224.365130, 187.656394, 220.825316, 228.761047, 217.638604, 229.045406, 241.850198, 233.044325, 203.891792
224.817960, 206.804320, 222.503068, 219.243262, 239.975865, 222.003787, 217.554088, 223.371424, 230.317805, 188.436921, 216.275654, 193.566552, 187.779365, 228.241976, 214.291635, 212.642425, 216.899317, 232.368244, 226.471470, 228.138626, 207.255986, 224.365130, 187.656394, 220.825316, 228.761047, 217.638604, 229.045406, 215.568053, 233.044325, 203.891792
224.817960, 206.804320, 222.503068, 219.243262, 239.975865, 222.003787, 217.554088, 223.371424, 230.317805, 188.436921, 216.275654, 193.566552, 187.779365, 228.241976, 214.291635, 212.642425, 212.539755, 232.368244, 226.471470, 228.138626, 207.255986, 224.365130, 187.656394, 220.825316, 228.761047, 217.638604, 229.045406, 215.568053, 233.044325, 203.891792
224.817960, 206.804320, 222.503068, 219.243262, 239.975865, 222.003787, 217.554088, 223.371424, 230.317805, 188.436921, 216.275654, 193.566552, 187.779365, 228.241976, 214.291635, 212.642425, 212.539755, 232.368244, 226.471470, 228.138626, 207.255986, 224.365130, 187.656394, 220.825316, 228.761047, 217.638604, 229.045406, 215.568053, 233.044325, 203.891792
224.817960, 206.804320, 222.503068, 219.243262, 239.975865, 222.003787, 217.554088, 223.371424, 230.317805, 188.436921, 216.275654, 193.566552, 187.779365, 228.241976, 214.291635, 212.642425, 212.539755, 232.368244, 226.471470, 228.138626, 207.255986, 224.365130, 187.656394, 220.825316, 228.761047, 217.638604, 229.045406, 215.568053, 233.044325, 203.891792
224.817960, 206.804320, 222.503068, 219.243262, 239.975865, 222.003787, 217.554088, 223.371424, 230.317805, 188.436921, 216.275654, 193.566552, 187.779365, 228.241976, 214.291635, 212.642425, 212.539755, 232.368244, 226.471470, 228.138626, 207.255986, 222.913538, 187.656394, 220.825316, 228.761047, 217.638604, 229.045406, 215.568053, 233.044325, 203.891792
224.817960, 206.804320, 222.503068, 219.243262, 239.975865, 222.003787, 217.554088, 223.371424, 230.317805, 188.436921, 216.275654, 193.566552, 187.779365, 228.241976, 214.291635, 212.642425, 212.539755, 232.368244, 226.471470, 228.138626, 207.255986, 222.913538, 187.656394, 220.825316, 228.761047, 217.638604, 197.901934, 215.568053, 228.768424, 203.891792
224.817960, 206.804320, 222.503068, 219.243262, 239.975865, 222.003787, 217.554088, 223.371424, 230.317805, 188.436921, 216.275654, 193.566552, 187.779365, 228.241976, 214.291635, 212.642425, 212.539755, 232.368244, 226.471470, 228.138626, 207.255986, 222.913538, 187.656394, 220.825316, 228.761047, 217.638604, 197.901934, 215.568053, 228.768424, 203.891792
224.817960, 206.804320, 222.503068, 219.243262, 239.975865, 222.003787, 217.554088, 223.371424, 230.317805, 188.436921, 216.275654, 193.566552, 187.779365, 228.241976, 214.291635, 212.642425, 212.539755, 232.368244, 226.471470, 228.138626, 207.255986, 222.913538, 187.656394, 220.825316, 228.761047, 217.638604, 197.901934, 215.568053, 228.768424, 203.891792
223.262653, 206.804320, 222.503068, 219.243262, 239.975865, 222.003787, 217.554088, 223.371424, 230.317805, 188.436921, 216.275654, 193.566552, 187.779365, 228.241976, 214.291635, 212.642425, 212.539755, 232.368244, 226.471470, 228.138626, 207.255986, 222.913538, 187.656394, 220.825316, 228.761047, 217.638604, 197.901934, 215.568053, 228.768424, 203.891792
223.262653, 206.804320, 222.503068, 219.243262, 239.975865, 222.003787, 217.554088, 223.371424, 230.317805, 188.436921, 216.275654, 193.566552, 187.779365, 228.241976, 214.291635, 212.642425, 212.539755, 232.368244, 226.471470, 228.138626, 207.255986, 222.913538, 187.656394, 220.825316, 228.761047, 217.638604, 197.901934, 215.568053, 228.768424, 203.891792
223.262653, 206.804320, 222.503068, 219.243262, 239.975865, 222.003787, 213.253018, 223.371424, 230.317805, 188.436921, 216.275654, 193.566552, 187.779365, 228.241976, 214.291635, 212.642425, 212.539755, 232.368244, 226.471470, 228.138626, 207.255986, 222.913538, 187.656394, 220.825316, 228.761047, 217.638604, 197.901934, 215.568053, 228.768424, 203.891792
223.262653, 206.804320, 222.503068, 219.243262, 239.975865, 222.003787, 213.253018, 223.371424, 230.317805, 188.436921, 216.275654, 193.566552, 187.779365, 228.241976, 214.291635, 212.642425, 212.539755, 232.368244, 226.471470, 228.138626, 207.255986, 222.913538, 187.656394, 220.825316, 228.761047, 217.638604, 197.901934, 215.568053, 228.768424, 203.891792
223.262653, 206.804320, 222.503068, 219.243262, 239.975865, 222.003787, 213.253018, 223.371424, 230.317805, 188.436921, 216.275654, 193.566552, 187.779365, 228.241976, 214.291635, 212.642425, 212.539755, 232.368244, 226.471470, 216.546776, 207.255986, 222.913538, 187.656394, 220.825316, 228.761047, 217.638604, 197.901934, 215.568053, 228.768424, 203.891792
223.262653, 206.804320, 222.503068, 219.243262, 239.975865, 222.003787, 213.253018, 223.371424, 230.317805, 188.436921, 216.275654, 193.566552, 187.779365, 228.241976, 214.291635, 212.642425, 212.539755, 232.368244, 226.471470, 216.546776, 207.255986, 222.913538, 187.656394, 220.825316, 228.761047, 217.638604, 197.901934, 215.568053, 228.768424, 203.891792
223.262653, 206.804320, 222.503068, 219.243262, 239.975865, 222.003787, 213.253018, 223.371424, 230.317805, 188.436921, 216.275654, 193.566552, 187.779365, 228.241976, 214.291635, 212.642425, 212.539755, 232.368244, 226.471470, 216.546776, 207.255986, 222.913538, 187.656394, 220.825316, 228.761047, 217.638604, 197.901934, 215.568053, 228.768424, 203.891792
223.262653, 206.804320, 222.503068, 219.243262, 239.975865, 222.003787, 213.253018, 223.371424, 230.317805, 188.436921, 216.275654, 193.566552, 187.779365, 228.241976, 214.291635, 212.642425, 212.539755, 232.368244, 226.471470, 216.546776, 207.255986, 222.913538, 187.656394, 220.825316, 214.725059, 217.638604, 197.901934, 215.568053, 228.768424, 203.891792
223.262653, 206.804320, 222.503068, 219.243262, 239.975865, 222.003787, 213.253018, 223.371424, 230.317805, 188.436921, 216.275654, 193.566552, 187.779365, 228.241976, 214.291635, 212.642425, 212.539755, 232.368244, 226.471470, 216.546776, 207.255986, 222.913538, 187.656394, 220.825316, 214.725059, 217.638604, 197.901934, 215.568053, 228.768424, 203.891792
223.262653, 206.804320, 222.503068, 219.243262, 239.975865, 222.003787, 213.253018, 223.371424, 230.317805, 188.436921, 216.275654, 193.566552, 187.779365, 228.241976, 214.291635, 212.642425, 212.539755, 232.368244, 226.471470, 216.546776, 207.255986, 222.913538, 187.656394, 220.825316, 214.725059, 217.638604, 197.901934, 215.568053, 228.768424, 203.891792
223.262653, 206.804320, 222.503068, 219.243262, 239.975865, 222.003787, 213.253018, 223.371424, 230.317805, 188.436921, 216.275654, 193.566552, 187.779365, 228.241976, 214.291635, 212.642425, 212.539755, 232.368244, 226.471470, 216.546776, 207.255986, 222.913538, 187.656394, 220.825316, 214.725059, 217.638604, 197.901934, 215.568053, 228.768424, 203.891792
223.262653, 206.804320, 222.503068, 219.243262, 232.475007, 222.003787, 213.253018, 223.371424, 230.317805, 188.436921, 216.275654, 193.566552, 187.779365, 228.241976, 214.291635, 204.500820, 212.539755, 232.368244, 226.471470, 216.546776, 207.255986, 222.913538, 187.656394, 220.825316, 214.725059, 217.638604, 197.901934, 215.568053, 228.768424, 203.891792
223.262653, 206.804320, 222.503068, 219.243262, 232.475007, 222.003787, 213.253018, 223.371424, 230.317805, 188.436921, 216.275654, 193.566552, 187.779365, 228.241976, 214.291635, 204.500820, 212.539755, 232.368244, 226.471470, 216.546776, 207.255986, 222.913538, 187.656394, 220.825316, 214.725059, 217.638604, 197.901934, 215.568053, 228.768424, 202.944417
223.262653, 206.804320, 222.503068, 219.243262, 232.475007, 222.003787, 213.253018, 223.371424, 230.317805, 188.436921, 216.275654, 193.566552, 187.779365, 228.241976, 214.291635, 204.500820, 212.539755, 229.848626, 226.471470, 216.546776, 207.255986, 222.913538, 187.656394, 215.775658, 214.725059, 217.638604, 197.901934, 215.568053, 228.768424, 202.944417
223.262653, 206.804320, 222.503068, 219.243262, 232.475007, 222.003787, 213.253018, 223.371424, 230.317805, 188.436921, 216.275654, 193.566552, 187.779365, 228.241976, 214.291635, 204.500820, 212.539755, 229.848626, 226.471470, 216.546776, 207.255986, 222.913538, 187.656394, 215.775658, 214.725059, 217.638604, 197.901934, 215.568053, 228.768424, 202.944417
223.262653, 206.804320, 222.503068, 219.243262, 232.475007, 222.003787, 213.253018, 223.371424, 230.317805, 188.436921, 216.275654, 193.566552, 187.779365, 228.241976, 214.291635, 204.500820, 212.539755, 229.848626, 226.471470, 216.546776, 207.255986, 222.913538, 187.656394, 215.775658, 214.725059, 217.638604, 197.901934, 215.568053, 228.768424, 202.944417
223.262653, 206.804320, 222.503068, 219.243262, 232.475007, 222.003787, 213.253018, 223.371424, 230.317805, 188.436921, 216.275654, 193.566552, 187.779365, 214.445924, 214.291635, 204.500820, 212.539755, 229.848626, 226.471470, 216.546776, 207.255986, 207.557764, 187.656394, 215.775658, 204.603353, 217.638604, 197.901934, 215.568053, 228.768424, 202.944417
223.262653, 206.804320, 222.503068, 219.243262, 232.475007, 222.003787, 213.253018, 223.371424, 230.317805, 188.436921, 216.275654, 193.566552, 187.779365, 214.445924, 214.291635, 204.500820, 212.539755, 229.848626, 226.471470, 216.546776, 207.255986, 207.557764, 187.656394, 215.775658, 204.603353, 217.638604, 197.901934, 215.568053, 228.768424, 202.944417
223.262653, 206.804320, 221.709005, 190.695345, 232.475007, 222.003787, 213.253018, 223.371424, 230.317805, 188.436921, 216.275654, 193.566552, 187.779365, 214.445924, 214.291635, 204.500820, 212.539755, 229.848626, 226.471470, 216.546776, 207.255986, 207.557764, 187.656394, 215.775658, 204.603353, 217.638604, 197.901934, 215.568053, 228.768424, 202.944417
223.262653, 206.804320, 221.709005, 190.695345, 232.475007, 222.003787, 213.253018, 223.371424, 230.317805, 188.436921, 216.275654, 193.566552, 187.779365, 214.445924, 214.291635, 204.500820, 212.539755, 229.848626, 226.471470, 216.546776, 207.255986, 207.557764, 187.656394, 215.775658, 204.603353, 217.638604, 197.901934, 215.568053, 228.768424, 202.944417
223.262653, 206.804320, 221.709005, 190.695345, 232.475007, 222.003787, 213.253018, 223.371424, 230.317805, 188.436921, 216.275654, 193.566552, 187.779365, 214.445924, 214.291635, 204.500820, 212.539755, 229.848626, 226.471470, 216.546776, 207.255986, 207.557764, 187.656394, 215.775658, 204.603353, 217.638604, 197.901934, 215.568053, 228.768424, 202.944417
223.262653, 206.804320, 221.709005, 190.695345, 232.475007, 222.003787, 213.253018, 223.371424, 230.317805, 188.436921, 216.275654, 193.566552, 187.779365, 214.445924, 214.291635, 204.500820, 212.539755, 229.848626, 226.471470, 216.546776, 207.255986, 207.557764, 187.656394, 215.775658, 204.603353, 217.638604, 197.901934, 215.568053, 228.768424, 202.944417
223.262653, 206.804320, 221.709005, 190.695345, 232.475007, 222.003787, 213.253018, 223.371424, 230.317805, 188.436921, 216.275654, 193.566552, 187.779365, 214.445924, 214.291635, 204.500820, 212.539755, 229.848626, 226.471470, 216.546776, 207.255986, 207.557764, 187.656394, 215.775658, 204.603353, 217.638604, 197.901934, 215.568053, 228.768424, 202.944417
223.262653, 206.804320, 221.709005, 190.695345, 232.475007, 222.003787, 213.253018, 223.371424, 230.317805, 188.436921, 216.275654, 193.566552, 187.779365, 214.445924, 214.291635, 204.500820, 212.539755, 229.848626, 226.471470, 216.546776, 207.255986, 207.557764, 187.656394, 215.775658, 204.603353, 217.638604, 197.901934, 215.568053, 228.768424, 202.944417
223.262653, 206.804320, 221.709005, 190.695345, 232.475007, 222.003787, 213.253018, 184.948729, 230.317805, 188.436921, 216.275654, 193.566552, 187.779365, 214.445924, 214.291635, 204.500820, 212.539755, 229.848626, 226.471470, 216.546776, 207.255986, 207.557764, 187.656394, 215.775658, 204.603353, 217.638604, 197.901934, 213.199377, 228.768424, 202.944417
215.023095, 206.804320, 221.709005, 190.695345, 232.475007, 222.003787, 213.253018, 184.948729, 230.317805, 188.436921, 216.275654, 193.566552, 187.779365, 214.445924, 214.291635, 204.500820, 212.539755, 198.643445, 226.471470, 216.546776, 207.255986, 207.557764, 187.656394, 215.775658, 204.603353, 217.638604, 197.901934, 213.199377, 228.768424, 202.944417
215.023095, 206.804320, 221.709005, 190.695345, 232.475007, 222.003787, 198.027481, 184.948729, 230.317805, 188.436921, 216.275654, 193.566552, 187.779365, 214.445924, 214.291635, 204.500820, 212.539755, 198.643445, 226.471470, 216.546776, 207.255986, 207.557764, 187.656394, 215.775658, 204.603353, 217.638604, 197.901934, 213.199377, 228.768424, 202.944417
215.023095, 206.804320, 221.709005, 190.695345, 232.475007, 222.003787, 198.027481, 184.948729, 230.317805, 188.436921, 216.275654, 193.566552, 187.779365, 214.445924, 214.291635, 204.500820, 212.539755, 198.643445, 226.471470, 216.546776, 207.255986, 175.889018, 187.656394, 215.775658, 204.603353, 217.638604, 197.901934, 196.865898, 228.768424, 202.944417
215.023095, 206.804320, 221.709005, 190.695345, 232.475007, 222.003787, 198.027481, 184.948729, 230.317805, 188.436921, 216.275654, 193.566552, 187.779365, 214.445924, 214.291635, 204.500820, 212.539755, 198.643445, 226.471470, 216.546776, 207.255986, 175.889018, 187.656394, 215.775658, 204.603353, 217.638604, 197.901934, 196.865898, 228.768424, 202.944417
215.023095, 206.804320, 221.709005, 190.695345, 232.475007, 222.003787, 198.027481, 184.948729, 218.501933, 188.436921, 216.275654, 193.566552, 187.779365, 214.445924, 214.291635, 204.500820, 212.539755, 198.643445, 214.511463, 216.546776, 207.255986, 175.889018, 187.656394, 215.775658, 204.603353, 217.638604, 197.901934, 196.865898, 228.768424, 202.944417
203.695180, 206.804320, 221.709005, 190.695345, 232.475007, 222.003787, 198.027481, 184.948729, 218.501933, 188.436921, 216.275654, 193.566552, 187.779365, 214.445924, 214.291635, 204.500820, 212.539755, 198.643445, 214.511463, 216.546776, 207.255986, 175.889018, 187.656394, 215.775658, 204.603353, 217.638604, 197.901934, 196.865898, 228.768424, 202.944417
203.695180, 206.804320, 221.709005, 190.695345, 232.475007, 222.003787, 198.027481, 184.948729, 218.501933, 188.436921, 216.275654, 193.566552, 187.779365, 214.445924, 214.291635, 204.500820, 212.539755, 198.643445, 214.511463, 216.546776, 207.255986, 175.889018, 187.656394, 215.775658, 204.603353, 215.623120, 197.901934, 196.865898, 228.768424, 202.944417
203.695180, 206.804320, 221.709005, 190.695345, 232.475007, 222.003787, 198.027481, 184.948729, 218.501933, 188.436921, 216.275654, 193.566552, 187.779365, 214.445924, 214.291635, 204.500820, 212.539755, 198.643445, 214.511463, 216.546776, 207.255986, 175.889018, 187.656394, 215.775658, 204.603353, 215.623120, 197.901934, 196.865898, 228.768424, 202.944417
203.695180, 206.804320, 221.709005, 190.695345, 232.475007, 222.003787, 198.027481, 184.948729, 218.501933, 188.436921, 216.275654, 193.566552, 187.779365, 214.445924, 214.291635, 204.500820, 212.539755, 198.643445, 214.511463, 216.546776, 207.255986, 175.889018, 187.656394, 215.775658, 204.603353, 212.009773, 197.901934, 196.865898, 228.768424, 202.944417
203.695180, 206.804320, 221.709005, 190.695345, 232.475007, 222.003787, 198.027481, 184.948729, 218.501933, 188.436921, 216.275654, 193.566552, 187.779365, 214.445924, 214.291635, 204.500820, 212.539755, 198.643445, 214.511463, 216.546776, 207.255986, 175.889018, 187.656394, 215.775658, 204.603353, 212.009773, 197.901934, 196.865898, 228.768424, 202.944417
203.695180, 206.804320, 221.709005, 190.695345, 232.475007, 222.003787, 198.027481, 184.948729, 218.501933, 188.436921, 216.275654, 193.566552, 187.779365, 214.445924, 214.291635, 204.500820, 212.539755, 198.643445, 214.511463, 216.546776, 207.255986, 175.889018, 187.656394, 215.775658, 204.603353, 212.009773, 197.901934, 196.865898, 228.768424, 202.944417
203.695180, 206.804320, 221.709005, 190.695345, 219.934911, 222.003787, 198.027481, 184.948729, 218.501933, 188.436921, 216.275654, 193.566552, 187.779365, 214.445924, 214.291635, 204.500820, 212.539755, 198.643445, 214.511463, 216.546776, 207.255986, 175.889018, 187.656394, 215.775658, 204.603353, 212.009773, 197.901934, 196.865898, 228.768424, 202.944417
203.695180, 206.804320, 221.709005, 190.695345, 219.934911, 222.003787, 198.027481, 184.948729, 218.501933, 188.436921, 216.275654, 193.566552, 187.779365, 214.445924, 214.291635, 204.500820, 212.539755, 198.643445, 214.511463, 216.546776, 207.255986, 175.889018, 187.656394, 215.775658, 204.603353, 212.009773, 197.901934, 196.865898, 228.768424, 202.944417
203.695180, 206.804320, 221.709005, 190.695345, 219.934911, 222.003787, 198.027481, 184.948729, 218.501933, 188.436921, 216.275654, 193.566552, 187.779365, 214.445924, 214.291635, 204.500820, 212.539755, 198.643445, 214.511463, 216.546776, 207.255986, 175.889018, 187.656394, 215.775658, 204.603353, 212.009773, 197.901934, 196.865898, 228.294373, 202.944417
203.695180, 206.804320, 221.709005, 190.695345, 219.934911, 222.003787, 198.027481, 184.948729, 218.501933, 188.436921, 216.275654, 193.566552, 187.779365, 214.445924, 214.291635, 204.500820, 212.539755, 198.643445, 214.511463, 216.546776, 207.255986, 175.889018, 187.656394, 215.775658, 204.603353, 212.009773, 197.901934, 196.865898, 228.294373, 202.944417
203.695180, 206.804320, 221.709005, 190.695345, 219.934911, 222.003787, 198.027481, 184.948729, 218.501933, 188.436921, 216.275654, 193.566552, 187.779365, 214.445924, 214.291635, 204.500820, 212.539755, 198.643445, 214.511463, 216.546776, 207.255986, 175.889018, 187.656394, 215.775658, 204.603353, 212.009773, 197.901934, 196.865898, 228.294373, 202.944417
203.695180, 206.804320, 221.709005, 190.695345, 219.934911, 222.003787, 198.027481, 184.948729, 218.501933, 188.436921, 216.275654, 193.566552, 187.779365, 214.445924, 214.291635, 204.500820, 212.539755, 198.643445, 214.511463, 216.546776, 207.255986, 175.889018, 187.656394, 215.775658, 204.603353, 212.009773, 197.901934, 196.865898, 228.294373, 202.944417
203.695180, 206.804320, 221.709005, 190.695345, 219.934911, 222.003787, 198.027481, 184.948729, 218.501933, 188.436921, 216.275654, 193.566552, 187.779365, 214.445924, 214.291635, 204.500820, 212.539755, 198.643445, 214.511463, 216.546776, 207.255986, 175.889018, 187.656394, 215.775658, 204.603353, 212.009773, 197.901934, 196.865898, 228.294373, 202.944417
203.695180, 206.804320, 221.709005, 190.695345, 219.934911, 222.003787, 198.027481, 184.948729, 218.501933, 188.436921, 216.275654, 193.566552, 187.779365, 214.445924, 214.291635, 204.500820, 212.539755, 198.643445, 214.511463, 216.546776, 207.255986, 175.889018, 187.656394, 215.775658, 204.603353, 212.009773, 197.901934, 196.865898, 228.294373, 202.944417
203.695180, 206.804320, 221.709005, 190.695345, 219.934911, 222.003787, 198.027481, 184.948729, 218.501933, 188.436921, 216.275654, 193.566552, 187.779365, 214.445924, 214.291635, 204.500820, 212.539755, 198.643445, 214.511463, 216.546776, 207.255986, 175.889018, 187.656394, 215.775658, 204.603353, 212.009773, 197.901934, 196.865898, 222.864276, 202.944417
192.210641, 206.804320, 221.709005, 190.695345, 219.934911, 222.003787, 198.027481, 184.948729, 218.501933, 188.436921, 216.275654, 193.566552, 187.779365, 214.445924, 214.291635, 204.500820, 212.539755, 198.643445, 214.511463, 216.546776, 207.255986, 175.889018, 187.656394, 215.775658, 204.603353, 212.009773, 197.901934, 196.865898, 222.864276, 202.944417
192.210641, 206.804320, 221.709005, 190.695345, 219.934911, 222.003787, 198.027481, 184.948729, 218.501933, 188.436921, 216.275654, 193.566552, 187.779365, 214.445924, 214.291635, 204.500820, 212.539755, 198.643445, 214.511463, 216.546776, 207.255986, 175.889018, 187.656394, 215.775658, 204.603353, 212.009773, 197.901934, 196.865898, 222.864276, 202.944417
192.210641, 206.804320, 221.709005, 190.695345, 219.934911, 222.003787, 198.027481, 184.948729, 218.501933, 188.436921, 216.275654, 193.566552, 187.779365, 214.445924, 214.291635, 204.500820, 212.539755, 198.643445, 214.511463, 183.652218, 207.255986, 175.889018, 187.656394, 215.775658, 204.603353, 212.009773, 197.901934, 196.865898, 222.864276, 202.944417
192.210641, 206.804320, 221.709005, 190.695345, 219.934911, 219.737861, 198.027481, 184.948729, 218.501933, 188.436921, 216.275654, 193.566552, 187.779365, 214.445924, 214.291635, 204.500820, 212.539755, 198.643445, 214.511463, 183.652218, 207.255986, 175.889018, 187.656394, 215.775658, 204.603353, 212.009773, 197.901934, 196.865898, 222.864276, 202.944417
192.210641, 206.804320, 221.709005, 190.695345, 219.934911, 219.737861, 198.027481, 184.948729, 218.501933, 188.436921, 216.275654, 193.566552, 187.779365, 214.445924, 214.291635, 204.500820, 212.539755, 198.643445, 214.511463, 183.652218, 207.255986, 175.889018, 187.656394, 215.775658, 204.603353, 212.009773, 197.901934, 196.865898, 222.864276, 202.944417
192.210641, 206.804320, 221.709005, 190.695345, 219.934911, 219.737861, 198.027481, 184.948729, 218.501933, 188.436921, 216.275654, 193.566552, 187.779365, 214.445924, 214.291635, 204.500820, 212.539755, 198.643445, 214.511463, 183.652218, 207.255986, 175.889018, 187.656394, 215.775658, 204.603353, 212.009773, 197.901934, 196.865898, 222.864276, 202.944417
192.210641, 206.804320, 221.709005, 190.695345, 219.934911, 219.737861, 198.027481, 184.948729, 218.501933, 188.436921, 216.275654, 193.566552, 187.779365, 214.445924, 214.291635, 204.500820, 212.539755, 198.643445, 214.511463, 183.652218, 207.255986, 175.889018, 187.656394, 215.775658, 204.603353, 212.009773, 197.901934, 196.865898, 222.864276, 202.944417
192.210641, 206.804320, 221.709005, 190.695345, 219.934911, 219.737861, 198.027481, 184.948729, 218.501933, 188.436921, 216.275654, 193.566552, 187.779365, 212.230953, 214.291635, 204.500820, 212.539755, 198.643445, 214.511463, 183.652218, 207.255986, 175.889018, 187.656394, 215.775658, 204.603353, 212.009773, 197.901934, 196.865898, 222.864276, 202.944417
192.210641, 206.804320, 221.709005, 190.695345, 219.934911, 219.737861, 198.027481, 184.948729, 218.501933, 188.436921, 216.275654, 193.566552, 187.779365, 212.230953, 214.291635, 204.500820, 212.539755, 198.643445, 214.511463, 183.652218, 207.255986, 175.889018, 187.656394, 215.775658, 204.603353, 212.009773, 197.901934, 196.865898, 222.864276, 202.944417
192.210641, 206.804320, 221.709005, 190.695345, 219.934911, 219.737861, 198.027481, 184.948729, 218.501933, 188.436921, 216.275654, 193.566552, 187.779365, 212.230953, 214.291635, 204.500820, 212.539755, 198.643445, 214.511463, 183.652218, 207.255986, 175.889018, 187.656394, 215.775658, 204.603353, 212.009773, 197.901934, 196.865898, 222.864276, 202.944417
192.210641, 206.804320, 221.709005, 190.695345, 219.934911, 219.737861, 198.027481, 184.948729, 218.501933, 188.436921, 216.275654, 193.566552, 187.779365, 212.230953, 214.291635, 204.500820, 212.539755, 198.643445, 214.511463, 183.652218, 207.255986, 175.889018, 187.656394, 215.775658, 204.603353, 212.009773, 197.901934, 196.865898, 222.864276, 202.944417
192.210641, 206.804320, 221.709005, 190.695345, 219.934911, 219.737861, 198.027481, 184.948729, 218.501933, 188.436921, 216.275654, 193.566552, 187.779365, 212.230953, 214.291635, 204.500820, 212.539755, 198.643445, 214.511463, 183.652218, 207.255986, 175.889018, 187.656394, 215.775658, 204.603353, 212.009773, 197.901934, 196.865898, 222.864276, 202.944417
192.210641, 206.804320, 221.709005, 190.695345, 214.278820, 219.737861, 198.027481, 184.948729, 218.501933, 188.436921, 216.275654, 193.566552, 187.779365, 212.230953, 214.291635, 204.500820, 212.539755, 198.643445, 214.511463, 183.652218, 207.255986, 175.889018, 187.656394, 215.775658, 204.603353, 212.009773, 197.901934, 196.865898, 222.864276, 202.944417
192.210641, 206.804320, 221.709005, 190.695345, 214.278820, 219.737861, 198.027481, 184.948729, 218.501933, 188.436921, 216.275654, 193.566552, 187.779365, 212.230953, 214.291635, 204.500820, 212.539755, 198.643445, 214.511463, 183.652218, 207.255986, 175.889018, 187.656394, 215.775658, 204.603353, 212.009773, 197.901934, 196.865898, 222.864276, 202.944417
192.210641, 206.804320, 221.709005, 190.695345, 214.278820, 219.737861, 198.027481, 184.948729, 218.501933, 188.436921, 216.275654, 193.566552, 187.779365, 212.230953, 214.291635, 204.500820, 212.539755, 198.643445, 214.511463, 183.652218, 207.255986, 175.889018, 186.089110, 215.775658, 204.603353, 212.009773, 197.901934, 196.865898, 222.864276, 202.944417
192.210641, 206.804320, 221.709005, 190.695345, 214.278820, 219.737861, 198.027481, 184.948729, 218.501933, 188.436921, 216.275654, 193.566552, 187.779365, 212.230953, 214.291635, 204.500820, 212.539755, 198.643445, 214.511463, 183.652218, 207.255986, 175.889018, 186.089110, 215.775658, 204.603353, 212.009773, 197.901934, 196.865898, 222.864276, 202.944417
192.210641, 206.804320, 221.709005, 190.695345, 214.278820, 219.737861, 198.027481, 184.948729, 218.501933, 188.436921, 216.275654, 193.566552, 187.779365, 212.230953, 214.291635, 204.500820, 212.539755, 198.643445, 214.511463, 183.652218, 207.255986, 175.889018, 186.089110, 215.775658, 204.603353, 212.009773, 197.901934, 196.865898, 222.864276, 202.944417
192.210641, 206.804320, 221.709005, 190.695345, 214.278820, 219.737861, 198.027481, 184.948729, 218.501933, 188.436921, 216.275654, 193.566552, 187.779365, 212.230953, 214.291635, 204.500820, 212.539755, 198.643445, 214.511463, 183.652218, 207.255986, 175.889018, 186.089110, 215.775658, 204.603353, 212.009773, 197.901934, 196.865898, 222.864276, 202.944417
