experimento1, experimento2, experimento3, experimento4, experimento5, experimento6, experimento7, experimento8, experimento9, experimento10, experimento11, experimento12, experimento13, experimento14, experimento15, experimento16, experimento17, experimento18, experimento19, experimento20, experimento21, experimento22, experimento23, experimento24, experimento25, experimento26, experimento27, experimento28, experimento29, experimento30
377.511022, 369.943775, 368.257189, 375.674915, 405.183891, 290.621252, 339.423789, 424.787279, 347.019045, 356.146529, 336.101322, 379.766939, 365.274904, 404.114681, 370.290771, 360.338819, 345.110679, 396.700154, 363.966576, 365.079643, 422.613023, 413.362353, 358.362337, 345.327433, 374.345988, 392.812712, 337.866717, 363.172938, 301.162344, 403.815702
363.341045, 366.999644, 346.518708, 327.336030, 339.782346, 290.621252, 339.423789, 344.915735, 303.610826, 344.938447, 333.883415, 335.815204, 358.145137, 358.263857, 362.974545, 290.406763, 345.110679, 378.070283, 343.824672, 359.094815, 343.609621, 352.980179, 345.158141, 345.327433, 347.366825, 328.861969, 329.336643, 358.386309, 301.162344, 309.713810
299.199359, 327.056367, 318.844543, 322.085630, 339.782346, 290.621252, 339.423789, 344.915735, 303.610826, 273.937835, 253.972598, 267.287201, 358.145137, 304.489032, 356.599801, 290.406763, 333.598383, 344.606818, 306.166159, 345.232330, 307.614869, 275.106862, 345.158141, 345.327433, 341.337647, 328.861969, 329.336643, 299.549913, 301.162344, 309.713810
299.199359, 327.056367, 293.553399, 322.085630, 291.401496, 290.621252, 328.012343, 344.915735, 303.610826, 273.937835, 253.972598, 267.287201, 358.145137, 304.489032, 342.164582, 290.406763, 310.790487, 316.745106, 306.166159, 332.177652, 307.614869, 275.106862, 345.158141, 328.077144, 341.337647, 323.602693, 312.377729, 299.549913, 301.162344, 309.713810
299.199359, 327.056367, 293.553399, 280.638307, 275.391333, 290.621252, 328.012343, 287.335221, 303.610826, 273.937835, 253.972598, 267.287201, 344.881212, 304.489032, 308.717155, 290.406763, 310.790487, 316.745106, 306.166159, 296.244124, 307.614869, 275.106862, 313.569087, 321.260573, 341.337647, 323.602693, 312.377729, 299.549913, 301.162344, 309.713810
283.469912, 296.471490, 293.553399, 280.638307, 275.391333, 290.621252, 279.166646, 287.335221, 303.610826, 273.937835, 253.972598, 267.287201, 324.629106, 304.489032, 308.717155, 290.406763, 292.342468, 316.745106, 279.609896, 296.244124, 307.614869, 275.106862, 313.569087, 245.820304, 334.843601, 323.602693, 312.377729, 299.549913, 301.162344, 309.713810
283.469912, 296.471490, 293.553399, 280.638307, 275.391333, 290.621252, 279.166646, 287.335221, 303.610826, 273.937835, 253.972598, 267.287201, 312.338675, 271.362566, 308.717155, 290.406763, 292.342468, 316.745106, 279.609896, 296.244124, 307.614869, 275.106862, 313.569087, 245.820304, 334.843601, 323.602693, 312.377729, 299.549913, 301.162344, 309.713810
283.469912, 296.471490, 293.553399, 280.638307, 275.391333, 290.621252, 279.166646, 287.335221, 256.044939, 273.937835, 253.972598, 267.287201, 312.338675, 271.362566, 308.717155, 290.406763, 292.342468, 316.679875, 279.609896, 277.361653, 307.614869, 275.106862, 313.569087, 245.820304, 333.937616, 322.477650, 312.377729, 293.186130, 301.162344, 309.713810
283.469912, 296.471490, 293.553399, 280.638307, 275.391333, 290.621252, 267.435763, 287.335221, 256.044939, 273.937835, 253.972598, 267.287201, 312.338675, 271.362566, 308.717155, 290.406763, 292.342468, 287.459296, 279.609896, 277.361653, 307.614869, 275.106862, 303.816752, 245.820304, 333.937616, 322.477650, 312.377729, 293.186130, 301.162344, 309.713810
283.469912, 296.471490, 293.553399, 280.638307, 275.391333, 290.621252, 267.435763, 287.335221, 256.044939, 273.937835, 253.972598, 267.287201, 312.338675, 271.362566, 308.717155, 290.406763, 292.342468, 287.459296, 279.609896, 277.361653, 307.614869, 275.106862, 291.341586, 245.820304, 317.439677, 314.711686, 312.377729, 293.186130, 301.162344, 309.713810
283.469912, 296.471490, 293.553399, 280.638307, 275.391333, 290.621252, 267.435763, 287.335221, 256.044939, 273.937835, 253.972598, 267.287201, 310.147212, 271.362566, 308.717155, 290.406763, 277.754924, 287.459296, 268.906413, 277.361653, 307.614869, 275.106862, 291.341586, 245.820304, 317.439677, 314.711686, 312.377729, 293.186130, 301.162344, 286.654503
283.469912, 296.471490, 293.553399, 280.638307, 275.391333, 273.026230, 267.435763, 287.335221, 256.044939, 273.937835, 253.972598, 267.287201, 283.014083, 271.362566, 308.717155, 290.406763, 277.754924, 287.459296, 268.906413, 277.361653, 282.108952, 275.106862, 291.341586, 245.820304, 293.191172, 292.652334, 312.373513, 293.186130, 301.162344, 286.654503
283.469912, 296.471490, 293.553399, 280.638307, 275.391333, 273.026230, 267.435763, 287.335221, 256.044939, 273.937835, 253.972598, 262.035231, 270.021561, 271.362566, 308.717155, 290.406763, 277.754924, 287.459296, 268.906413, 277.361653, 261.878669, 275.106862, 291.341586, 245.820304, 293.191172, 292.652334, 304.848191, 293.186130, 301.162344, 286.654503
283.469912, 296.471490, 293.553399, 280.638307, 275.391333, 273.026230, 267.435763, 287.335221, 256.044939, 273.937835, 253.972598, 262.035231, 270.021561, 271.362566, 308.717155, 290.406763, 277.754924, 287.459296, 268.906413, 277.361653, 261.878669, 275.106862, 291.341586, 245.820304, 293.191172, 292.652334, 304.848191, 293.186130, 301.162344, 286.654503
283.469912, 296.471490, 293.553399, 280.638307, 275.391333, 273.026230, 267.435763, 268.728584, 256.044939, 273.937835, 253.972598, 262.035231, 253.768261, 271.362566, 308.717155, 290.406763, 277.754924, 287.459296, 268.906413, 277.361653, 261.878669, 275.106862, 291.341586, 245.820304, 293.191172, 290.407881, 291.906709, 293.186130, 301.162344, 268.716471
283.469912, 296.471490, 293.553399, 280.638307, 275.391333, 273.026230, 267.435763, 268.728584, 256.044939, 273.937835, 253.972598, 262.035231, 253.768261, 271.362566, 308.717155, 290.406763, 277.754924, 287.459296, 268.906413, 277.361653, 253.928864, 275.106862, 291.341586, 245.820304, 293.191172, 290.407881, 291.906709, 293.186130, 301.162344, 268.716471
283.469912, 296.471490, 257.705781, 280.638307, 275.391333, 273.026230, 267.435763, 268.728584, 256.044939, 273.937835, 253.972598, 262.035231, 253.768261, 271.362566, 308.717155, 290.406763, 277.754924, 287.459296, 268.906413, 277.361653, 253.928864, 275.106862, 291.341586, 245.820304, 293.191172, 290.407881, 291.906709, 293.186130, 301.162344, 268.716471
283.469912, 266.914116, 257.705781, 280.638307, 275.391333, 262.552584, 267.435763, 268.728584, 256.044939, 273.937835, 253.972598, 262.035231, 253.768261, 271.362566, 308.717155, 290.406763, 277.754924, 287.459296, 268.906413, 277.361653, 253.928864, 275.106862, 267.041365, 245.820304, 293.191172, 290.407881, 278.437222, 293.186130, 301.162344, 268.716471
280.782782, 266.914116, 257.705781, 280.638307, 275.391333, 225.338313, 267.435763, 268.728584, 256.044939, 273.937835, 253.972598, 262.035231, 253.768261, 271.362566, 308.717155, 290.406763, 277.754924, 287.459296, 268.906413, 277.361653, 253.928864, 275.106862, 267.041365, 245.820304, 293.191172, 290.407881, 278.437222, 293.186130, 301.162344, 268.716471
280.782782, 266.914116, 257.705781, 280.638307, 275.391333, 225.338313, 267.435763, 268.728584, 256.044939, 273.937835, 253.972598, 262.035231, 253.768261, 271.362566, 301.241535, 290.406763, 277.754924, 287.459296, 268.906413, 277.361653, 253.928864, 275.106862, 267.041365, 245.820304, 293.191172, 290.407881, 268.670145, 293.186130, 301.162344, 268.716471
280.782782, 266.914116, 257.705781, 280.638307, 275.391333, 225.338313, 267.435763, 268.728584, 256.044939, 273.937835, 253.972598, 262.035231, 253.768261, 271.362566, 301.241535, 290.406763, 277.754924, 287.459296, 268.906413, 277.361653, 253.928864, 275.106862, 267.041365, 245.820304, 293.191172, 290.407881, 268.670145, 293.186130, 301.162344, 268.716471
280.782782, 266.914116, 257.705781, 280.638307, 275.391333, 225.338313, 267.435763, 268.728584, 256.044939, 273.937835, 253.972598, 262.035231, 253.768261, 271.362566, 301.241535, 290.406763, 277.754924, 287.459296, 268.906413, 277.361653, 253.928864, 275.106862, 267.041365, 222.999936, 293.086472, 290.407881, 268.670145, 293.186130, 301.162344, 268.716471
280.782782, 266.914116, 257.705781, 280.638307, 275.391333, 225.338313, 267.435763, 268.728584, 256.044939, 273.937835, 253.972598, 262.035231, 253.768261, 271.362566, 301.241535, 290.406763, 277.754924, 287.459296, 268.906413, 277.361653, 253.928864, 275.106862, 267.041365, 222.999936, 293.086472, 290.407881, 260.187940, 293.186130, 301.162344, 268.716471
280.782782, 266.914116, 257.705781, 280.638307, 275.391333, 225.338313, 267.435763, 268.728584, 256.044939, 273.937835, 253.972598, 262.035231, 253.768261, 271.362566, 301.241535, 266.428112, 277.754924, 287.459296, 268.906413, 277.361653, 253.928864, 275.106862, 267.041365, 222.999936, 293.086472, 290.407881, 260.187940, 293.186130, 301.162344, 268.716471
280.248912, 266.914116, 257.705781, 280.638307, 275.391333, 225.338313, 267.435763, 268.728584, 256.044939, 273.937835, 253.972598, 262.035231, 253.768261, 271.362566, 301.241535, 266.428112, 277.754924, 287.459296, 268.906413, 277.361653, 253.928864, 275.106862, 267.041365, 222.999936, 293.086472, 290.407881, 260.187940, 293.186130, 301.162344, 268.716471
280.248912, 266.914116, 257.705781, 280.638307, 275.391333, 225.338313, 267.435763, 268.728584, 256.044939, 273.937835, 253.972598, 262.035231, 253.768261, 271.362566, 301.241535, 266.428112, 277.754924, 287.459296, 268.906413, 277.361653, 253.928864, 275.106862, 267.041365, 222.999936, 293.086472, 290.407881, 260.187940, 293.186130, 301.162344, 268.716471
275.851639, 266.914116, 257.705781, 280.638307, 275.391333, 225.338313, 267.435763, 268.728584, 256.044939, 273.937835, 253.972598, 262.035231, 253.768261, 271.362566, 301.241535, 266.428112, 277.754924, 287.459296, 268.906413, 277.361653, 253.928864, 275.106862, 267.041365, 222.999936, 293.086472, 290.407881, 260.187940, 293.186130, 301.162344, 268.716471
275.851639, 266.914116, 257.705781, 280.638307, 275.391333, 225.338313, 267.435763, 268.728584, 256.044939, 273.937835, 253.972598, 262.035231, 253.768261, 271.362566, 301.241535, 266.428112, 277.754924, 287.459296, 268.906413, 277.361653, 253.928864, 275.106862, 267.041365, 222.999936, 293.086472, 290.407881, 260.187940, 293.186130, 301.162344, 268.716471
275.851639, 266.914116, 257.705781, 280.638307, 275.391333, 225.338313, 267.435763, 268.728584, 256.044939, 273.937835, 253.972598, 262.035231, 253.768261, 271.362566, 301.241535, 266.428112, 277.754924, 287.459296, 268.906413, 277.361653, 253.928864, 275.106862, 267.041365, 222.999936, 293.086472, 290.407881, 260.187940, 293.186130, 301.162344, 268.716471
275.851639, 266.914116, 257.705781, 280.638307, 275.391333, 225.338313, 267.435763, 268.728584, 256.044939, 273.937835, 253.972598, 262.035231, 253.768261, 271.362566, 301.241535, 266.428112, 277.754924, 287.459296, 268.906413, 277.361653, 253.928864, 275.106862, 267.041365, 222.999936, 293.086472, 278.274219, 260.187940, 293.186130, 301.162344, 268.716471
275.851639, 266.914116, 257.705781, 280.638307, 275.391333, 225.338313, 267.435763, 268.728584, 256.044939, 273.937835, 253.972598, 262.035231, 253.768261, 271.362566, 301.241535, 266.428112, 277.754924, 285.523326, 268.906413, 277.361653, 253.928864, 275.106862, 267.041365, 222.999936, 293.086472, 278.274219, 260.187940, 293.186130, 301.162344, 268.716471
275.851639, 266.914116, 257.705781, 280.638307, 275.391333, 225.338313, 267.435763, 268.728584, 256.044939, 273.937835, 253.972598, 262.035231, 253.768261, 271.362566, 301.241535, 266.428112, 277.754924, 285.523326, 268.906413, 277.361653, 253.928864, 275.106862, 267.041365, 222.999936, 293.086472, 278.274219, 260.187940, 293.186130, 301.162344, 268.716471
275.851639, 266.914116, 257.705781, 280.638307, 275.391333, 225.338313, 267.435763, 268.728584, 256.044939, 273.937835, 253.972598, 262.035231, 253.768261, 271.362566, 301.241535, 266.428112, 277.754924, 285.523326, 268.906413, 277.361653, 253.928864, 275.106862, 267.041365, 222.999936, 293.086472, 278.274219, 260.187940, 293.186130, 301.162344, 268.716471
275.851639, 266.914116, 257.705781, 280.638307, 275.391333, 225.338313, 267.435763, 268.728584, 256.044939, 273.937835, 253.972598, 262.035231, 253.768261, 271.362566, 301.241535, 266.428112, 277.754924, 285.523326, 268.906413, 277.361653, 253.928864, 275.106862, 267.041365, 222.999936, 293.086472, 278.274219, 260.187940, 293.186130, 301.162344, 268.716471
275.851639, 266.914116, 257.705781, 280.638307, 275.391333, 225.338313, 267.435763, 268.728584, 256.044939, 273.937835, 253.972598, 262.035231, 253.768261, 271.362566, 301.241535, 266.428112, 277.754924, 285.523326, 268.906413, 277.361653, 253.928864, 275.106862, 267.041365, 222.999936, 293.086472, 278.274219, 260.187940, 293.186130, 287.759018, 268.716471
234.881731, 266.914116, 257.705781, 280.638307, 275.391333, 225.338313, 267.435763, 268.728584, 256.044939, 273.937835, 253.972598, 262.035231, 253.768261, 271.362566, 301.241535, 266.428112, 277.754924, 280.650053, 268.906413, 277.361653, 253.928864, 275.106862, 267.041365, 222.999936, 293.086472, 278.274219, 260.187940, 293.186130, 287.759018, 268.716471
234.881731, 266.914116, 257.705781, 280.638307, 275.391333, 225.338313, 267.435763, 268.728584, 256.044939, 273.937835, 253.972598, 262.035231, 253.768261, 271.362566, 301.241535, 266.428112, 277.754924, 280.650053, 268.906413, 277.361653, 253.928864, 275.106862, 267.041365, 222.999936, 270.030454, 278.274219, 260.187940, 293.186130, 287.759018, 268.716471
234.881731, 266.914116, 257.705781, 280.638307, 201.915849, 225.338313, 267.435763, 268.728584, 256.044939, 273.937835, 253.972598, 262.035231, 253.768261, 271.362566, 301.241535, 266.428112, 277.754924, 280.650053, 268.906413, 277.361653, 253.928864, 275.106862, 267.041365, 222.999936, 270.030454, 278.274219, 260.187940, 281.840174, 287.759018, 268.716471
234.881731, 266.914116, 257.705781, 274.696139, 201.915849, 225.338313, 245.217961, 268.728584, 220.410658, 273.937835, 253.972598, 262.035231, 253.768261, 271.362566, 301.241535, 266.428112, 248.760943, 280.650053, 268.906413, 277.361653, 253.928864, 275.106862, 267.041365, 222.999936, 270.030454, 278.274219, 260.187940, 281.840174, 287.759018, 268.716471
234.881731, 266.914116, 257.705781, 274.696139, 201.915849, 225.338313, 245.217961, 268.728584, 220.410658, 273.937835, 253.972598, 262.035231, 253.768261, 271.362566, 301.241535, 266.428112, 248.760943, 280.650053, 268.906413, 277.361653, 253.928864, 275.106862, 267.041365, 222.999936, 270.030454, 278.274219, 260.187940, 281.840174, 287.759018, 268.716471
234.881731, 266.914116, 257.705781, 274.696139, 201.915849, 225.338313, 245.217961, 268.728584, 220.410658, 273.937835, 253.972598, 262.035231, 253.768261, 271.362566, 301.241535, 266.428112, 248.760943, 280.650053, 268.906413, 277.361653, 253.928864, 275.106862, 267.041365, 222.999936, 270.030454, 278.274219, 260.187940, 281.840174, 287.759018, 268.716471
234.881731, 266.914116, 257.705781, 274.696139, 201.915849, 225.338313, 245.217961, 268.728584, 220.410658, 273.937835, 253.972598, 262.035231, 253.768261, 271.362566, 293.894002, 266.428112, 248.760943, 280.650053, 268.906413, 277.361653, 253.928864, 275.106862, 267.041365, 222.552832, 270.030454, 278.274219, 260.187940, 281.840174, 287.759018, 268.716471
234.881731, 266.914116, 257.705781, 274.696139, 201.915849, 225.338313, 245.217961, 268.728584, 220.410658, 273.937835, 253.972598, 262.035231, 253.768261, 271.362566, 272.150343, 266.428112, 248.760943, 280.650053, 268.906413, 277.361653, 253.928864, 275.106862, 267.041365, 222.552832, 270.030454, 278.274219, 260.187940, 281.840174, 287.759018, 268.716471
234.881731, 266.914116, 257.705781, 274.696139, 201.915849, 225.338313, 245.217961, 268.728584, 220.410658, 273.937835, 253.972598, 262.035231, 253.768261, 218.022044, 272.150343, 266.428112, 248.760943, 280.650053, 268.906413, 277.361653, 253.928864, 275.106862, 267.041365, 222.552832, 270.030454, 278.274219, 260.187940, 281.840174, 287.759018, 268.716471
234.881731, 266.914116, 257.705781, 274.696139, 201.915849, 225.338313, 245.217961, 268.728584, 220.410658, 273.937835, 253.972598, 262.035231, 253.768261, 218.022044, 272.150343, 266.428112, 248.760943, 280.650053, 268.906413, 277.361653, 253.928864, 275.106862, 267.041365, 222.552832, 270.030454, 278.274219, 260.187940, 281.840174, 287.759018, 268.716471
234.881731, 266.914116, 257.705781, 274.696139, 201.915849, 225.338313, 245.217961, 268.728584, 220.410658, 273.937835, 253.972598, 262.035231, 253.768261, 218.022044, 272.150343, 255.686423, 248.760943, 280.650053, 250.696799, 277.361653, 253.928864, 275.106862, 267.041365, 222.552832, 270.030454, 278.274219, 260.187940, 281.840174, 287.759018, 268.716471
234.881731, 266.914116, 257.705781, 274.696139, 201.915849, 225.338313, 245.217961, 268.728584, 220.410658, 273.937835, 253.972598, 262.035231, 253.768261, 218.022044, 272.150343, 255.686423, 248.760943, 280.650053, 250.696799, 277.361653, 253.928864, 262.788573, 267.041365, 222.552832, 270.030454, 278.274219, 260.187940, 281.840174, 287.759018, 268.716471
234.881731, 266.914116, 231.388838, 274.696139, 201.915849, 225.338313, 245.217961, 268.728584, 220.410658, 273.937835, 253.972598, 262.035231, 253.768261, 218.022044, 272.150343, 255.686423, 248.760943, 278.940437, 250.696799, 277.361653, 253.928864, 262.788573, 267.041365, 222.552832, 270.030454, 278.274219, 260.187940, 281.840174, 287.759018, 268.716471
234.881731, 266.914116, 231.388838, 274.696139, 201.915849, 225.338313, 245.217961, 268.728584, 220.410658, 272.338718, 253.972598, 262.035231, 253.768261, 218.022044, 272.150343, 255.686423, 248.760943, 278.940437, 250.696799, 277.361653, 253.928864, 262.788573, 267.041365, 222.552832, 270.030454, 278.274219, 260.187940, 281.840174, 287.759018, 268.716471
234.881731, 266.914116, 231.388838, 274.696139, 201.915849, 225.338313, 245.217961, 268.728584, 220.410658, 272.338718, 253.972598, 262.035231, 253.768261, 218.022044, 272.150343, 255.686423, 248.760943, 278.940437, 250.696799, 277.361653, 253.928864, 262.788573, 267.041365, 222.552832, 270.030454, 278.274219, 260.187940, 281.840174, 287.759018, 268.716471
234.881731, 266.914116, 231.388838, 274.696139, 201.915849, 225.338313, 245.217961, 268.728584, 220.410658, 272.338718, 253.972598, 262.035231, 253.768261, 218.022044, 271.341721, 255.686423, 248.760943, 278.940437, 250.696799, 277.361653, 253.928864, 262.788573, 267.041365, 222.552832, 270.030454, 278.274219, 260.187940, 281.840174, 287.759018, 268.716471
234.881731, 266.914116, 231.388838, 274.696139, 201.915849, 225.338313, 245.217961, 268.728584, 220.410658, 272.338718, 253.972598, 262.035231, 253.768261, 218.022044, 271.341721, 255.686423, 248.760943, 278.940437, 250.696799, 277.361653, 253.928864, 262.788573, 267.041365, 222.552832, 270.030454, 278.274219, 260.187940, 281.840174, 287.759018, 268.716471
234.881731, 266.914116, 231.388838, 274.696139, 201.915849, 225.338313, 245.217961, 268.728584, 220.410658, 262.583318, 245.936379, 262.035231, 253.768261, 218.022044, 271.341721, 255.686423, 248.760943, 278.940437, 250.696799, 277.361653, 253.928864, 262.788573, 267.041365, 222.552832, 270.030454, 278.274219, 260.187940, 281.840174, 287.759018, 268.716471
234.881731, 266.914116, 231.388838, 274.696139, 201.915849, 225.338313, 245.217961, 268.728584, 220.410658, 262.583318, 245.936379, 262.035231, 253.768261, 218.022044, 271.341721, 255.686423, 248.760943, 278.940437, 250.696799, 277.361653, 253.928864, 262.788573, 267.041365, 222.552832, 270.030454, 278.274219, 260.187940, 281.840174, 287.759018, 268.716471
234.881731, 266.914116, 231.388838, 274.696139, 201.915849, 225.338313, 245.217961, 268.728584, 220.410658, 262.583318, 245.936379, 262.035231, 253.768261, 218.022044, 271.341721, 255.686423, 248.760943, 278.940437, 250.696799, 277.361653, 253.928864, 262.788573, 267.041365, 222.552832, 270.030454, 278.274219, 260.187940, 281.840174, 287.759018, 268.716471
234.881731, 266.914116, 231.388838, 274.696139, 201.915849, 225.338313, 245.217961, 268.728584, 220.410658, 262.583318, 245.936379, 262.035231, 253.768261, 218.022044, 271.341721, 255.686423, 248.760943, 278.940437, 250.696799, 277.361653, 253.928864, 262.788573, 267.041365, 222.552832, 270.030454, 278.274219, 260.187940, 281.840174, 287.759018, 268.716471
234.881731, 266.914116, 231.388838, 274.696139, 201.915849, 225.338313, 245.217961, 268.728584, 220.410658, 262.583318, 245.936379, 262.035231, 253.768261, 218.022044, 271.341721, 255.686423, 248.760943, 278.940437, 250.696799, 277.361653, 253.928864, 262.788573, 267.041365, 222.552832, 270.030454, 278.274219, 260.187940, 281.840174, 287.759018, 237.509845
234.881731, 266.914116, 231.388838, 274.696139, 201.915849, 225.338313, 245.217961, 268.728584, 220.410658, 262.583318, 245.936379, 262.035231, 253.768261, 218.022044, 271.341721, 255.686423, 248.760943, 278.940437, 250.696799, 277.361653, 253.928864, 262.788573, 267.041365, 222.552832, 270.030454, 278.274219, 260.187940, 281.840174, 287.759018, 237.509845
234.881731, 266.914116, 231.388838, 274.696139, 201.915849, 225.338313, 245.217961, 268.728584, 220.410658, 262.583318, 245.936379, 262.035231, 253.768261, 218.022044, 271.341721, 255.686423, 248.760943, 278.940437, 250.696799, 277.361653, 253.928864, 262.788573, 267.041365, 222.552832, 270.030454, 278.274219, 260.187940, 281.840174, 287.759018, 237.509845
234.881731, 266.914116, 231.388838, 274.696139, 201.915849, 225.338313, 245.217961, 268.728584, 220.410658, 262.583318, 245.936379, 262.035231, 253.768261, 218.022044, 271.341721, 255.686423, 248.760943, 278.940437, 250.696799, 277.361653, 253.928864, 262.788573, 267.041365, 222.552832, 270.030454, 278.274219, 260.187940, 281.840174, 287.759018, 237.509845
234.881731, 266.914116, 231.388838, 274.696139, 201.915849, 225.338313, 245.217961, 268.728584, 220.410658, 262.583318, 245.936379, 262.035231, 253.768261, 218.022044, 271.341721, 255.686423, 248.760943, 278.940437, 250.696799, 277.361653, 253.928864, 262.788573, 267.041365, 222.552832, 270.030454, 278.274219, 260.187940, 281.840174, 287.759018, 237.509845
234.881731, 262.929685, 231.388838, 274.696139, 201.915849, 225.338313, 245.217961, 268.728584, 220.410658, 262.583318, 245.936379, 262.035231, 253.768261, 218.022044, 271.341721, 255.686423, 248.760943, 278.940437, 250.696799, 277.361653, 253.928864, 262.788573, 267.041365, 222.552832, 270.030454, 278.274219, 260.187940, 281.840174, 282.225398, 237.509845
234.881731, 262.929685, 231.388838, 274.696139, 201.915849, 225.338313, 245.217961, 268.728584, 220.410658, 262.583318, 245.936379, 262.035231, 253.768261, 218.022044, 271.341721, 255.686423, 248.760943, 278.940437, 250.696799, 277.361653, 253.928864, 262.788573, 267.041365, 222.552832, 270.030454, 278.274219, 260.187940, 281.840174, 282.225398, 237.509845
234.881731, 262.929685, 231.388838, 274.696139, 201.915849, 225.338313, 245.217961, 268.728584, 220.410658, 262.583318, 245.936379, 262.035231, 253.768261, 218.022044, 271.341721, 255.686423, 248.760943, 278.940437, 250.696799, 277.361653, 253.928864, 262.788573, 267.041365, 222.552832, 270.030454, 278.274219, 260.187940, 274.073498, 282.225398, 237.509845
234.881731, 262.929685, 231.388838, 274.696139, 201.915849, 225.338313, 245.217961, 268.728584, 220.410658, 262.583318, 245.936379, 262.035231, 253.768261, 218.022044, 271.341721, 255.686423, 248.760943, 278.940437, 250.696799, 277.361653, 253.928864, 262.788573, 267.041365, 222.552832, 270.030454, 278.274219, 260.187940, 274.073498, 282.225398, 237.509845
234.881731, 262.929685, 231.388838, 274.696139, 201.915849, 225.338313, 245.217961, 268.728584, 220.410658, 262.583318, 245.936379, 262.035231, 253.768261, 218.022044, 271.341721, 255.686423, 248.760943, 278.940437, 250.696799, 277.361653, 253.928864, 262.788573, 267.041365, 222.552832, 270.030454, 278.274219, 260.187940, 274.073498, 208.289792, 237.509845
234.881731, 262.929685, 231.388838, 274.696139, 201.915849, 225.338313, 245.217961, 268.728584, 220.410658, 262.583318, 245.936379, 262.035231, 253.768261, 218.022044, 271.341721, 255.686423, 248.760943, 278.940437, 250.696799, 277.361653, 253.928864, 262.788573, 267.041365, 222.552832, 270.030454, 278.274219, 260.187940, 274.073498, 208.289792, 237.509845
234.881731, 262.929685, 231.388838, 274.696139, 201.915849, 225.338313, 245.217961, 268.728584, 220.410658, 262.583318, 245.936379, 262.035231, 253.768261, 218.022044, 271.341721, 255.686423, 248.760943, 278.940437, 250.696799, 277.361653, 253.928864, 262.788573, 267.041365, 222.552832, 270.030454, 278.274219, 260.187940, 274.073498, 208.289792, 237.509845
234.881731, 262.929685, 231.388838, 274.696139, 201.915849, 225.338313, 245.217961, 268.728584, 220.410658, 262.583318, 245.936379, 262.035231, 253.768261, 218.022044, 271.341721, 255.686423, 248.760943, 278.940437, 250.696799, 277.361653, 253.928864, 262.788573, 267.041365, 222.552832, 270.030454, 278.274219, 260.187940, 274.073498, 208.289792, 237.509845
234.881731, 262.929685, 231.388838, 265.464328, 201.915849, 225.338313, 245.217961, 268.728584, 220.410658, 262.583318, 245.936379, 262.035231, 253.768261, 218.022044, 271.341721, 255.686423, 248.760943, 278.940437, 250.696799, 277.361653, 253.928864, 253.751844, 267.041365, 222.552832, 270.030454, 251.474587, 260.187940, 274.073498, 208.289792, 215.655541
234.881731, 262.929685, 231.388838, 265.464328, 201.915849, 225.338313, 245.217961, 268.728584, 220.410658, 262.583318, 245.936379, 262.035231, 253.768261, 218.022044, 271.341721, 255.686423, 248.760943, 278.940437, 250.696799, 277.361653, 253.928864, 253.751844, 267.041365, 222.552832, 270.030454, 251.474587, 260.187940, 274.073498, 208.289792, 215.655541
234.881731, 262.929685, 231.388838, 265.464328, 201.915849, 225.338313, 245.217961, 268.728584, 220.410658, 262.583318, 245.936379, 262.035231, 253.768261, 218.022044, 271.341721, 255.686423, 248.760943, 278.940437, 250.696799, 277.361653, 253.928864, 253.751844, 267.041365, 222.552832, 270.030454, 251.474587, 260.187940, 274.073498, 208.289792, 215.655541
234.881731, 262.929685, 231.388838, 265.464328, 201.915849, 225.338313, 245.217961, 268.728584, 220.410658, 262.583318, 245.936379, 262.035231, 253.768261, 218.022044, 271.341721, 255.686423, 248.760943, 278.940437, 250.696799, 277.361653, 253.928864, 253.751844, 267.041365, 222.552832, 270.030454, 251.474587, 260.187940, 274.073498, 208.289792, 215.655541
234.881731, 262.929685, 231.388838, 265.464328, 201.915849, 225.338313, 245.217961, 244.268079, 220.410658, 262.583318, 245.936379, 262.035231, 253.768261, 218.022044, 271.341721, 255.686423, 248.760943, 278.940437, 250.696799, 277.361653, 253.928864, 253.751844, 267.041365, 222.552832, 270.030454, 251.474587, 260.187940, 274.073498, 208.289792, 215.655541
234.881731, 262.929685, 231.388838, 265.464328, 201.915849, 225.338313, 245.217961, 244.268079, 220.410658, 262.583318, 245.936379, 262.035231, 253.768261, 218.022044, 271.341721, 255.686423, 248.760943, 278.940437, 250.696799, 277.361653, 253.928864, 253.751844, 267.041365, 222.552832, 270.030454, 251.474587, 260.187940, 274.073498, 208.289792, 215.655541
234.881731, 262.929685, 231.388838, 265.464328, 201.915849, 225.338313, 245.217961, 244.268079, 220.410658, 262.583318, 245.936379, 262.035231, 253.768261, 218.022044, 271.341721, 255.686423, 248.760943, 278.940437, 250.696799, 277.361653, 253.928864, 253.751844, 267.041365, 222.552832, 270.030454, 251.474587, 260.187940, 274.073498, 208.289792, 215.655541
234.881731, 262.929685, 231.388838, 263.936864, 201.915849, 225.338313, 245.217961, 244.268079, 220.410658, 262.583318, 245.936379, 262.035231, 253.768261, 218.022044, 271.341721, 255.686423, 248.760943, 278.940437, 250.696799, 277.361653, 253.928864, 253.751844, 267.041365, 222.552832, 270.030454, 251.474587, 260.187940, 274.073498, 208.289792, 215.655541
234.881731, 262.929685, 231.388838, 263.936864, 201.915849, 225.338313, 245.217961, 244.268079, 220.410658, 262.583318, 245.936379, 262.035231, 241.249380, 218.022044, 271.341721, 255.686423, 248.760943, 278.940437, 250.696799, 277.361653, 253.928864, 253.751844, 267.041365, 222.552832, 270.030454, 251.474587, 260.187940, 274.073498, 208.289792, 215.655541
234.881731, 262.929685, 231.388838, 263.936864, 201.915849, 225.338313, 245.217961, 244.268079, 220.410658, 262.583318, 245.936379, 262.035231, 241.249380, 218.022044, 271.341721, 255.686423, 248.760943, 278.940437, 250.696799, 277.361653, 253.928864, 253.751844, 267.041365, 222.552832, 270.030454, 251.474587, 260.187940, 274.073498, 208.289792, 215.655541
234.881731, 262.929685, 231.388838, 263.936864, 201.915849, 225.338313, 245.217961, 244.268079, 220.410658, 262.583318, 245.936379, 262.035231, 241.249380, 218.022044, 271.341721, 255.686423, 248.760943, 278.940437, 250.696799, 277.361653, 253.928864, 253.751844, 267.041365, 222.552832, 270.030454, 251.474587, 260.187940, 274.073498, 208.289792, 215.655541
234.881731, 262.929685, 231.388838, 263.936864, 201.915849, 225.338313, 245.217961, 244.268079, 220.410658, 262.583318, 245.936379, 262.035231, 241.249380, 218.022044, 271.341721, 255.686423, 248.760943, 278.940437, 250.696799, 277.361653, 253.928864, 253.751844, 267.041365, 222.552832, 270.030454, 251.474587, 260.187940, 274.073498, 208.289792, 215.655541
234.881731, 262.929685, 231.388838, 263.936864, 201.915849, 225.338313, 245.217961, 244.268079, 220.410658, 262.583318, 245.936379, 262.035231, 241.249380, 218.022044, 271.341721, 255.686423, 248.760943, 278.940437, 250.696799, 277.361653, 253.928864, 253.751844, 267.041365, 222.552832, 270.030454, 251.474587, 260.187940, 274.073498, 208.289792, 215.655541
234.881731, 262.929685, 231.388838, 263.936864, 201.915849, 225.338313, 245.217961, 244.268079, 220.410658, 260.311292, 245.936379, 262.035231, 241.249380, 218.022044, 271.341721, 255.686423, 248.760943, 278.940437, 250.696799, 277.361653, 253.928864, 253.751844, 267.041365, 222.552832, 270.030454, 251.474587, 260.187940, 274.073498, 208.289792, 215.655541
234.881731, 262.929685, 231.388838, 263.936864, 201.915849, 225.338313, 245.217961, 244.268079, 220.410658, 260.311292, 245.936379, 262.035231, 241.249380, 218.022044, 271.341721, 255.686423, 248.760943, 278.940437, 250.696799, 277.361653, 253.928864, 253.751844, 267.041365, 222.552832, 270.030454, 251.474587, 260.187940, 274.073498, 208.289792, 215.655541
234.881731, 262.929685, 231.388838, 263.936864, 201.915849, 225.338313, 245.217961, 244.268079, 220.410658, 260.311292, 245.936379, 262.035231, 241.249380, 218.022044, 271.341721, 255.686423, 248.760943, 278.940437, 250.696799, 277.361653, 253.928864, 253.751844, 267.041365, 222.552832, 270.030454, 251.474587, 260.187940, 274.073498, 208.289792, 215.655541
234.881731, 262.929685, 231.388838, 263.936864, 201.915849, 225.338313, 245.217961, 244.268079, 220.410658, 260.311292, 245.936379, 262.035231, 241.249380, 218.022044, 271.341721, 255.686423, 248.760943, 278.940437, 250.696799, 277.361653, 253.928864, 253.751844, 267.041365, 222.552832, 270.030454, 251.474587, 260.187940, 274.073498, 208.289792, 215.655541
234.881731, 262.929685, 231.388838, 263.936864, 201.915849, 225.338313, 245.217961, 244.268079, 220.410658, 260.311292, 245.936379, 262.035231, 241.249380, 218.022044, 271.341721, 255.686423, 248.760943, 278.940437, 250.696799, 277.361653, 253.928864, 253.751844, 267.041365, 222.552832, 232.347327, 251.474587, 260.187940, 274.073498, 208.289792, 215.655541
234.881731, 262.929685, 231.388838, 263.936864, 201.915849, 225.338313, 245.217961, 244.268079, 220.410658, 260.311292, 245.936379, 262.035231, 241.249380, 218.022044, 271.341721, 255.686423, 248.760943, 265.153714, 250.696799, 277.361653, 253.928864, 253.751844, 267.041365, 222.552832, 232.347327, 251.474587, 260.187940, 274.073498, 208.289792, 215.655541
234.881731, 262.929685, 231.388838, 263.936864, 201.915849, 225.338313, 245.217961, 244.268079, 220.410658, 260.311292, 245.936379, 262.035231, 241.249380, 218.022044, 271.341721, 255.686423, 248.760943, 265.153714, 250.696799, 277.361653, 253.928864, 253.751844, 267.041365, 222.552832, 232.347327, 251.474587, 260.187940, 274.073498, 208.289792, 215.655541
234.881731, 262.929685, 231.388838, 263.936864, 201.915849, 225.338313, 245.217961, 244.268079, 220.410658, 257.001160, 245.936379, 262.035231, 241.249380, 218.022044, 271.341721, 255.686423, 248.760943, 265.153714, 250.696799, 277.361653, 253.928864, 253.751844, 267.041365, 222.552832, 232.347327, 251.474587, 260.187940, 274.073498, 208.289792, 215.655541
234.881731, 262.929685, 231.388838, 263.936864, 201.915849, 225.338313, 245.217961, 244.268079, 220.410658, 257.001160, 245.936379, 262.035231, 241.249380, 218.022044, 271.341721, 255.686423, 248.760943, 265.153714, 250.696799, 277.361653, 253.928864, 253.751844, 267.041365, 222.552832, 232.347327, 251.474587, 260.187940, 274.073498, 208.289792, 215.655541
234.881731, 262.929685, 231.388838, 263.936864, 201.915849, 225.338313, 245.217961, 244.268079, 220.410658, 257.001160, 245.936379, 262.035231, 241.249380, 218.022044, 271.341721, 255.686423, 248.760943, 265.153714, 250.696799, 277.361653, 253.928864, 253.751844, 267.041365, 222.552832, 232.347327, 251.474587, 260.187940, 274.073498, 208.289792, 215.655541
234.881731, 262.929685, 231.388838, 263.936864, 201.915849, 225.338313, 245.217961, 244.268079, 220.410658, 250.364434, 245.936379, 262.035231, 241.249380, 218.022044, 271.341721, 255.686423, 248.760943, 265.153714, 250.696799, 277.361653, 253.928864, 253.751844, 267.041365, 222.552832, 232.347327, 251.474587, 260.187940, 274.073498, 208.289792, 215.655541
234.881731, 262.929685, 231.388838, 263.936864, 201.915849, 225.338313, 245.217961, 244.268079, 220.410658, 239.468540, 245.936379, 262.035231, 241.249380, 218.022044, 271.341721, 254.543211, 248.760943, 265.153714, 250.696799, 277.361653, 253.928864, 253.751844, 267.041365, 222.552832, 232.347327, 251.474587, 260.187940, 274.073498, 208.289792, 215.655541
234.881731, 262.929685, 231.388838, 263.936864, 201.915849, 225.338313, 245.217961, 244.268079, 220.410658, 239.468540, 245.936379, 262.035231, 241.249380, 218.022044, 269.319396, 254.543211, 248.760943, 265.153714, 250.696799, 277.361653, 253.928864, 253.751844, 267.041365, 222.552832, 232.347327, 251.474587, 260.187940, 274.073498, 208.289792, 215.655541
234.881731, 262.929685, 231.388838, 263.936864, 201.915849, 225.338313, 245.217961, 244.268079, 220.410658, 239.468540, 245.936379, 262.035231, 241.249380, 218.022044, 269.319396, 254.543211, 248.760943, 265.153714, 250.696799, 277.361653, 253.928864, 253.751844, 267.041365, 222.552832, 232.347327, 251.474587, 260.187940, 253.804311, 208.289792, 215.655541
234.881731, 262.929685, 231.388838, 263.936864, 201.915849, 225.338313, 245.217961, 244.268079, 220.410658, 239.468540, 245.936379, 262.035231, 241.249380, 218.022044, 269.319396, 254.543211, 248.760943, 265.153714, 250.696799, 277.361653, 253.928864, 253.751844, 267.041365, 222.552832, 232.347327, 251.474587, 260.187940, 253.804311, 208.289792, 215.655541
234.881731, 262.929685, 231.388838, 263.936864, 201.915849, 225.338313, 245.217961, 244.268079, 220.410658, 239.468540, 245.936379, 262.035231, 241.249380, 218.022044, 269.319396, 254.543211, 248.760943, 265.153714, 250.696799, 277.361653, 253.928864, 253.751844, 267.041365, 222.552832, 232.347327, 251.474587, 260.187940, 253.804311, 208.289792, 215.655541
234.881731, 262.929685, 231.388838, 263.936864, 201.915849, 225.338313, 245.217961, 244.268079, 220.410658, 239.468540, 245.936379, 262.035231, 241.249380, 218.022044, 269.319396, 254.543211, 248.760943, 265.153714, 250.696799, 277.361653, 238.216283, 253.751844, 267.041365, 222.552832, 232.347327, 251.474587, 260.187940, 253.804311, 208.289792, 215.655541
234.881731, 262.929685, 231.388838, 263.936864, 201.915849, 225.338313, 245.217961, 244.268079, 220.410658, 239.468540, 245.936379, 262.035231, 241.249380, 218.022044, 269.319396, 254.543211, 248.760943, 265.153714, 250.696799, 277.361653, 238.216283, 253.751844, 267.041365, 222.552832, 232.347327, 251.474587, 260.187940, 253.804311, 208.289792, 215.655541
234.881731, 262.929685, 231.388838, 263.936864, 201.915849, 225.338313, 245.217961, 244.268079, 220.410658, 212.627873, 245.936379, 262.035231, 241.249380, 218.022044, 269.319396, 254.543211, 248.760943, 265.153714, 250.696799, 277.361653, 238.216283, 253.751844, 267.041365, 222.552832, 232.347327, 251.474587, 260.187940, 253.804311, 208.289792, 215.655541
234.881731, 262.929685, 231.388838, 263.936864, 201.915849, 225.338313, 245.217961, 244.268079, 220.410658, 212.627873, 245.936379, 262.035231, 241.249380, 218.022044, 269.319396, 254.543211, 248.760943, 265.153714, 250.696799, 277.361653, 238.216283, 253.751844, 267.041365, 222.552832, 232.347327, 251.474587, 260.187940, 253.804311, 208.289792, 215.655541
234.881731, 262.929685, 231.388838, 263.936864, 201.915849, 225.338313, 245.217961, 244.268079, 220.410658, 212.627873, 245.936379, 262.035231, 241.249380, 218.022044, 269.319396, 254.543211, 248.760943, 265.153714, 246.891205, 277.361653, 238.216283, 253.751844, 267.041365, 222.552832, 232.347327, 251.474587, 260.187940, 253.804311, 208.289792, 215.655541
234.881731, 262.929685, 231.388838, 263.936864, 201.915849, 225.338313, 245.217961, 244.268079, 220.410658, 212.627873, 245.936379, 262.035231, 241.249380, 218.022044, 269.319396, 254.543211, 248.760943, 265.153714, 246.891205, 277.361653, 238.216283, 253.751844, 267.041365, 222.552832, 232.347327, 251.474587, 260.187940, 253.804311, 208.289792, 215.655541
234.881731, 262.929685, 231.388838, 263.936864, 201.915849, 225.338313, 245.217961, 244.268079, 220.410658, 212.627873, 245.936379, 262.035231, 241.249380, 218.022044, 269.319396, 254.543211, 248.760943, 265.153714, 246.891205, 277.361653, 238.216283, 253.751844, 267.041365, 222.552832, 232.347327, 251.474587, 260.187940, 253.804311, 208.289792, 215.655541
234.881731, 262.929685, 231.388838, 263.936864, 201.915849, 225.338313, 245.217961, 244.268079, 220.410658, 212.627873, 245.936379, 262.035231, 241.249380, 218.022044, 269.319396, 254.543211, 248.760943, 265.153714, 246.891205, 277.361653, 238.216283, 253.751844, 267.041365, 222.552832, 232.347327, 251.474587, 260.187940, 253.804311, 208.289792, 215.655541
234.881731, 262.929685, 231.388838, 263.936864, 201.915849, 225.338313, 245.217961, 244.268079, 220.410658, 212.627873, 245.936379, 262.035231, 241.249380, 218.022044, 269.319396, 254.543211, 248.760943, 265.153714, 246.891205, 277.361653, 238.216283, 253.751844, 267.041365, 222.552832, 232.347327, 251.474587, 260.187940, 253.804311, 208.289792, 215.655541
234.881731, 262.929685, 231.388838, 263.936864, 201.915849, 225.338313, 245.217961, 244.268079, 220.410658, 212.627873, 245.936379, 262.035231, 241.249380, 218.022044, 269.319396, 254.543211, 248.760943, 265.153714, 246.891205, 277.361653, 238.216283, 253.751844, 267.041365, 222.552832, 232.347327, 251.474587, 260.187940, 253.804311, 208.289792, 215.655541
234.881731, 262.929685, 231.388838, 263.936864, 201.915849, 225.338313, 245.217961, 244.268079, 220.410658, 212.627873, 245.936379, 262.035231, 241.249380, 218.022044, 269.319396, 254.543211, 248.760943, 265.153714, 246.891205, 277.361653, 238.216283, 253.751844, 267.041365, 222.552832, 232.347327, 251.474587, 260.187940, 253.804311, 208.289792, 215.655541
234.881731, 262.929685, 231.388838, 263.936864, 201.915849, 225.338313, 245.217961, 244.268079, 220.410658, 212.627873, 245.936379, 262.035231, 241.249380, 218.022044, 269.319396, 254.543211, 248.760943, 265.153714, 246.891205, 277.361653, 238.216283, 253.751844, 267.041365, 222.552832, 232.347327, 251.474587, 260.187940, 253.804311, 208.289792, 215.655541
234.881731, 262.929685, 231.388838, 263.936864, 201.915849, 225.338313, 245.217961, 244.268079, 220.410658, 212.627873, 245.936379, 262.035231, 241.249380, 218.022044, 269.319396, 254.543211, 248.760943, 265.153714, 246.891205, 277.361653, 238.216283, 253.751844, 267.041365, 222.552832, 232.347327, 251.474587, 260.187940, 253.804311, 208.289792, 215.655541
234.881731, 262.929685, 231.388838, 263.936864, 201.915849, 225.338313, 245.217961, 244.268079, 220.410658, 212.627873, 245.936379, 262.035231, 241.249380, 218.022044, 269.319396, 254.543211, 248.760943, 265.153714, 246.891205, 277.361653, 238.216283, 253.751844, 267.041365, 222.552832, 232.347327, 251.474587, 260.187940, 253.804311, 208.289792, 215.655541
234.881731, 262.929685, 231.388838, 263.936864, 201.915849, 225.338313, 245.217961, 244.268079, 220.410658, 212.627873, 245.936379, 262.035231, 241.249380, 218.022044, 269.319396, 254.543211, 248.760943, 265.153714, 246.891205, 277.361653, 238.216283, 253.751844, 267.041365, 222.552832, 232.347327, 251.474587, 260.187940, 253.804311, 208.289792, 215.655541
234.881731, 262.929685, 231.388838, 263.936864, 201.915849, 225.338313, 245.217961, 244.268079, 220.410658, 212.627873, 245.936379, 262.035231, 241.249380, 218.022044, 269.319396, 254.543211, 248.760943, 265.153714, 246.891205, 277.361653, 238.216283, 253.751844, 267.041365, 222.552832, 232.347327, 251.474587, 260.187940, 253.804311, 208.289792, 215.655541
234.881731, 262.929685, 231.388838, 263.936864, 201.915849, 225.338313, 245.217961, 244.268079, 220.410658, 212.627873, 245.936379, 262.035231, 241.249380, 218.022044, 269.319396, 254.543211, 248.760943, 265.153714, 246.891205, 277.361653, 238.216283, 253.751844, 267.041365, 222.552832, 232.347327, 251.474587, 260.187940, 253.804311, 208.289792, 215.655541
234.881731, 262.929685, 231.388838, 263.936864, 201.915849, 225.338313, 245.217961, 244.268079, 220.410658, 212.627873, 245.936379, 262.035231, 241.249380, 218.022044, 269.319396, 254.543211, 248.760943, 265.153714, 246.891205, 277.361653, 238.216283, 253.751844, 267.041365, 222.552832, 232.347327, 251.474587, 260.187940, 253.804311, 208.289792, 215.655541
234.881731, 262.929685, 231.388838, 263.936864, 201.915849, 225.338313, 245.217961, 244.268079, 220.410658, 212.627873, 245.936379, 262.035231, 241.249380, 218.022044, 269.319396, 254.543211, 248.760943, 265.153714, 246.891205, 277.361653, 238.216283, 253.751844, 267.041365, 222.552832, 232.347327, 251.474587, 260.187940, 253.804311, 208.289792, 215.655541
234.881731, 262.929685, 231.388838, 263.936864, 201.915849, 225.338313, 245.217961, 244.268079, 220.410658, 212.627873, 245.936379, 262.035231, 241.249380, 218.022044, 269.319396, 254.543211, 248.760943, 265.153714, 246.891205, 277.361653, 238.216283, 253.751844, 267.041365, 222.552832, 232.347327, 251.474587, 260.187940, 253.804311, 208.289792, 215.655541
234.881731, 262.929685, 231.388838, 263.936864, 201.915849, 225.338313, 245.217961, 244.268079, 220.410658, 212.627873, 245.936379, 262.035231, 241.249380, 218.022044, 269.319396, 254.543211, 248.760943, 265.153714, 246.891205, 277.361653, 238.216283, 253.751844, 267.041365, 222.552832, 232.347327, 251.474587, 260.187940, 253.804311, 208.289792, 215.655541
234.881731, 262.929685, 231.388838, 263.936864, 201.915849, 225.338313, 245.217961, 244.268079, 220.410658, 212.627873, 245.936379, 262.035231, 241.249380, 218.022044, 269.319396, 254.543211, 248.760943, 265.153714, 246.891205, 273.912369, 238.216283, 253.751844, 267.041365, 222.552832, 232.347327, 251.474587, 260.187940, 253.804311, 208.289792, 215.655541
234.881731, 262.929685, 231.388838, 263.936864, 201.915849, 225.338313, 245.217961, 244.268079, 220.410658, 212.627873, 245.936379, 262.035231, 241.249380, 218.022044, 269.319396, 254.543211, 248.760943, 265.153714, 246.891205, 273.912369, 238.216283, 253.751844, 267.041365, 222.552832, 232.347327, 251.474587, 260.187940, 253.804311, 208.289792, 215.655541
234.881731, 262.929685, 231.388838, 263.936864, 201.915849, 225.338313, 245.217961, 244.268079, 220.410658, 212.627873, 245.936379, 262.035231, 241.249380, 218.022044, 269.319396, 254.543211, 248.760943, 265.153714, 246.891205, 273.912369, 238.216283, 253.751844, 267.041365, 222.552832, 232.347327, 251.474587, 260.187940, 253.804311, 208.289792, 215.655541
234.881731, 262.929685, 231.388838, 263.936864, 201.915849, 225.338313, 245.217961, 244.268079, 220.410658, 212.627873, 245.936379, 262.035231, 241.249380, 218.022044, 269.319396, 254.543211, 248.760943, 265.153714, 246.891205, 273.912369, 238.216283, 253.751844, 267.041365, 222.552832, 232.347327, 251.474587, 260.187940, 253.804311, 208.289792, 215.655541
234.881731, 262.929685, 231.388838, 263.936864, 201.915849, 225.338313, 245.217961, 244.268079, 220.410658, 212.627873, 245.936379, 262.035231, 241.249380, 218.022044, 269.319396, 254.543211, 248.760943, 265.153714, 246.891205, 273.912369, 238.216283, 253.751844, 267.041365, 222.552832, 232.347327, 251.474587, 260.187940, 253.804311, 208.289792, 215.655541
234.881731, 262.929685, 231.388838, 263.936864, 201.915849, 225.338313, 245.217961, 244.268079, 220.410658, 212.627873, 245.936379, 262.035231, 241.249380, 218.022044, 269.319396, 254.543211, 248.760943, 265.153714, 246.891205, 273.912369, 238.216283, 253.751844, 267.041365, 222.552832, 232.347327, 251.474587, 260.187940, 253.804311, 208.289792, 215.655541
234.881731, 262.929685, 231.388838, 263.936864, 201.915849, 225.338313, 245.217961, 244.268079, 220.410658, 212.627873, 245.936379, 262.035231, 241.249380, 218.022044, 269.319396, 254.543211, 248.760943, 265.153714, 246.891205, 273.912369, 238.216283, 253.751844, 267.041365, 222.552832, 232.347327, 251.474587, 260.187940, 253.804311, 208.289792, 215.655541
234.881731, 262.929685, 231.388838, 263.936864, 201.915849, 225.338313, 245.217961, 244.268079, 220.410658, 212.627873, 245.936379, 262.035231, 241.249380, 218.022044, 269.319396, 254.543211, 248.760943, 265.153714, 246.891205, 273.912369, 232.189996, 253.751844, 267.041365, 222.552832, 232.347327, 251.474587, 260.187940, 253.804311, 208.289792, 215.655541
234.881731, 262.929685, 231.388838, 263.936864, 201.915849, 225.338313, 245.217961, 244.268079, 220.410658, 212.627873, 245.936379, 262.035231, 241.249380, 218.022044, 269.319396, 254.543211, 248.760943, 265.153714, 246.891205, 273.912369, 232.189996, 253.751844, 267.041365, 222.552832, 232.347327, 251.474587, 260.187940, 253.804311, 208.289792, 215.655541
234.881731, 262.929685, 231.388838, 263.936864, 201.915849, 225.338313, 245.217961, 244.268079, 220.410658, 212.627873, 245.936379, 262.035231, 241.249380, 218.022044, 269.319396, 254.543211, 248.760943, 265.153714, 246.891205, 273.912369, 232.189996, 253.751844, 267.041365, 222.552832, 232.347327, 251.474587, 260.187940, 253.804311, 208.289792, 215.655541
234.881731, 246.826241, 231.388838, 263.936864, 201.915849, 225.338313, 245.217961, 244.268079, 220.410658, 212.627873, 245.936379, 262.035231, 241.249380, 218.022044, 269.319396, 254.543211, 248.760943, 265.153714, 246.891205, 273.912369, 232.189996, 253.751844, 267.041365, 222.552832, 232.347327, 251.474587, 260.187940, 253.804311, 208.289792, 215.655541
234.881731, 240.553841, 231.388838, 263.936864, 201.915849, 225.338313, 245.217961, 244.268079, 220.410658, 212.627873, 245.936379, 262.035231, 241.249380, 218.022044, 269.319396, 254.543211, 248.760943, 265.153714, 246.891205, 273.912369, 232.189996, 253.751844, 267.041365, 222.552832, 232.347327, 251.474587, 260.187940, 253.804311, 208.289792, 215.655541
234.881731, 240.553841, 231.388838, 263.936864, 201.915849, 225.338313, 245.217961, 244.268079, 220.410658, 212.627873, 245.936379, 262.035231, 241.249380, 218.022044, 269.319396, 254.543211, 248.760943, 265.153714, 246.891205, 273.912369, 232.189996, 253.751844, 267.041365, 222.552832, 232.347327, 251.474587, 260.187940, 253.804311, 208.289792, 215.655541
234.881731, 240.553841, 231.388838, 263.936864, 201.915849, 225.338313, 245.217961, 244.268079, 220.410658, 212.627873, 245.936379, 262.035231, 241.249380, 218.022044, 269.319396, 254.543211, 248.760943, 265.153714, 246.891205, 273.912369, 232.189996, 253.751844, 267.041365, 222.552832, 232.347327, 251.474587, 260.187940, 248.653434, 208.289792, 215.655541
234.881731, 240.553841, 231.388838, 263.936864, 201.915849, 225.338313, 245.217961, 244.268079, 220.410658, 212.627873, 245.936379, 262.035231, 241.249380, 218.022044, 269.319396, 254.543211, 248.760943, 265.153714, 246.891205, 273.912369, 232.189996, 253.751844, 267.041365, 222.552832, 232.347327, 251.474587, 260.187940, 248.653434, 208.289792, 215.655541
234.881731, 240.553841, 231.388838, 263.936864, 201.915849, 225.338313, 245.217961, 244.268079, 220.410658, 212.627873, 245.936379, 239.677639, 241.249380, 218.022044, 269.319396, 254.543211, 248.760943, 265.153714, 246.891205, 273.912369, 232.189996, 253.751844, 267.041365, 222.552832, 232.347327, 251.474587, 260.187940, 248.653434, 208.289792, 215.655541
234.881731, 240.553841, 231.388838, 263.936864, 201.915849, 225.338313, 245.217961, 244.268079, 220.410658, 212.627873, 245.936379, 239.677639, 241.249380, 218.022044, 269.319396, 254.543211, 248.760943, 265.153714, 246.891205, 273.912369, 232.189996, 253.751844, 267.041365, 222.552832, 232.347327, 251.474587, 260.187940, 248.653434, 208.289792, 215.655541
234.881731, 240.553841, 231.388838, 263.936864, 201.915849, 225.338313, 245.217961, 244.268079, 220.410658, 212.627873, 245.936379, 239.677639, 241.249380, 218.022044, 269.319396, 254.543211, 248.760943, 265.153714, 246.891205, 273.912369, 232.189996, 253.751844, 267.041365, 222.552832, 232.347327, 251.474587, 260.187940, 248.653434, 208.289792, 215.655541
234.881731, 240.553841, 231.388838, 263.936864, 201.915849, 225.338313, 245.217961, 244.268079, 220.410658, 212.627873, 245.936379, 239.677639, 241.249380, 218.022044, 269.319396, 254.543211, 248.760943, 265.153714, 246.891205, 273.912369, 232.189996, 253.751844, 267.041365, 222.552832, 232.347327, 251.474587, 260.187940, 248.653434, 208.289792, 215.655541
234.881731, 240.553841, 231.388838, 263.936864, 201.915849, 225.338313, 245.217961, 244.268079, 220.410658, 212.627873, 245.936379, 239.677639, 241.249380, 218.022044, 269.319396, 254.543211, 248.760943, 265.153714, 246.891205, 273.912369, 232.189996, 253.751844, 267.041365, 222.552832, 232.347327, 251.474587, 260.187940, 248.653434, 208.289792, 215.655541
234.881731, 240.553841, 231.388838, 263.936864, 201.915849, 225.338313, 245.217961, 244.268079, 220.410658, 212.627873, 245.936379, 234.996268, 241.249380, 218.022044, 269.319396, 254.543211, 248.760943, 265.153714, 246.891205, 273.912369, 232.189996, 253.751844, 267.041365, 222.552832, 232.347327, 251.474587, 260.187940, 248.653434, 208.289792, 215.655541
234.881731, 240.553841, 231.388838, 263.936864, 201.915849, 225.338313, 245.217961, 244.268079, 220.410658, 212.627873, 245.936379, 234.996268, 241.249380, 218.022044, 269.319396, 254.543211, 248.760943, 265.153714, 246.891205, 273.912369, 232.189996, 253.751844, 267.041365, 222.552832, 232.347327, 251.474587, 260.187940, 248.653434, 208.289792, 215.655541
234.881731, 240.553841, 231.388838, 263.936864, 201.915849, 225.338313, 245.217961, 244.268079, 220.410658, 212.627873, 245.936379, 234.996268, 241.249380, 218.022044, 269.319396, 254.543211, 248.760943, 265.153714, 246.891205, 273.912369, 232.189996, 253.751844, 267.041365, 222.552832, 232.347327, 251.474587, 260.187940, 248.653434, 208.289792, 215.655541
234.881731, 240.553841, 231.388838, 263.936864, 201.915849, 225.338313, 245.217961, 244.268079, 220.410658, 212.627873, 245.936379, 234.996268, 241.249380, 218.022044, 269.319396, 254.543211, 248.760943, 265.153714, 246.891205, 273.912369, 232.189996, 253.751844, 267.041365, 222.552832, 232.347327, 251.474587, 260.187940, 248.653434, 208.289792, 215.655541
234.881731, 240.553841, 231.388838, 263.936864, 201.915849, 225.338313, 245.217961, 244.268079, 220.410658, 212.627873, 245.936379, 234.996268, 241.249380, 218.022044, 269.319396, 254.543211, 248.760943, 265.153714, 246.891205, 273.912369, 232.189996, 253.751844, 267.041365, 222.552832, 232.347327, 246.018355, 260.187940, 248.653434, 208.289792, 215.655541
234.881731, 240.553841, 231.388838, 263.936864, 201.915849, 225.338313, 245.217961, 244.268079, 220.410658, 212.627873, 245.936379, 234.996268, 241.249380, 218.022044, 269.319396, 254.543211, 248.760943, 265.153714, 246.891205, 273.912369, 232.189996, 253.751844, 267.041365, 222.552832, 232.347327, 246.018355, 260.187940, 248.653434, 208.289792, 215.655541
234.881731, 240.553841, 231.388838, 263.936864, 201.915849, 225.338313, 245.217961, 244.268079, 220.410658, 212.627873, 245.936379, 234.996268, 241.249380, 218.022044, 269.319396, 254.543211, 248.760943, 265.153714, 246.891205, 273.912369, 232.189996, 253.751844, 267.041365, 222.552832, 232.347327, 246.018355, 260.187940, 248.653434, 208.289792, 215.655541
234.881731, 240.553841, 231.388838, 263.936864, 201.915849, 225.338313, 245.217961, 244.268079, 220.410658, 212.627873, 245.936379, 225.563694, 241.249380, 218.022044, 269.319396, 254.543211, 248.760943, 265.153714, 246.891205, 273.912369, 232.189996, 253.751844, 267.041365, 222.552832, 232.347327, 246.018355, 260.187940, 248.653434, 208.289792, 215.655541
234.881731, 240.553841, 231.388838, 263.936864, 201.915849, 225.338313, 245.217961, 244.268079, 220.410658, 212.627873, 245.936379, 225.563694, 241.249380, 218.022044, 269.319396, 254.543211, 248.760943, 265.153714, 246.891205, 273.912369, 232.189996, 253.751844, 267.041365, 222.552832, 232.347327, 246.018355, 260.187940, 248.653434, 208.289792, 215.655541
234.881731, 240.553841, 231.388838, 263.936864, 201.915849, 225.338313, 245.217961, 244.268079, 220.410658, 212.627873, 245.936379, 225.563694, 241.249380, 218.022044, 269.319396, 254.543211, 248.760943, 265.153714, 246.891205, 273.912369, 232.189996, 253.751844, 267.041365, 222.552832, 232.347327, 246.018355, 260.187940, 248.653434, 208.289792, 215.655541
234.881731, 240.553841, 231.388838, 263.936864, 201.915849, 225.338313, 245.217961, 244.268079, 220.410658, 212.627873, 245.936379, 225.563694, 241.249380, 218.022044, 269.319396, 254.543211, 248.760943, 265.153714, 246.891205, 273.912369, 232.189996, 253.751844, 267.041365, 222.552832, 232.347327, 246.018355, 260.187940, 248.653434, 208.289792, 215.655541
234.881731, 240.553841, 231.388838, 263.936864, 201.915849, 225.338313, 245.217961, 244.268079, 220.410658, 212.627873, 245.936379, 225.563694, 241.249380, 218.022044, 269.319396, 254.543211, 248.760943, 265.153714, 246.891205, 273.912369, 232.189996, 253.751844, 267.041365, 222.552832, 232.347327, 246.018355, 260.187940, 248.653434, 208.289792, 215.655541
234.881731, 240.553841, 231.388838, 263.936864, 201.915849, 225.338313, 245.217961, 244.268079, 220.410658, 212.627873, 245.936379, 225.563694, 241.249380, 218.022044, 269.319396, 254.543211, 248.760943, 265.153714, 246.891205, 273.912369, 232.189996, 253.751844, 267.041365, 222.552832, 232.347327, 246.018355, 260.187940, 248.653434, 208.289792, 215.655541
234.881731, 240.553841, 231.388838, 263.936864, 201.915849, 225.338313, 245.217961, 244.268079, 220.410658, 212.627873, 245.936379, 225.563694, 241.249380, 218.022044, 269.319396, 254.543211, 248.760943, 265.153714, 246.891205, 273.912369, 232.189996, 253.751844, 267.041365, 222.552832, 232.347327, 246.018355, 260.187940, 248.653434, 208.289792, 215.655541
234.881731, 240.553841, 231.388838, 263.936864, 201.915849, 225.338313, 245.217961, 244.268079, 220.410658, 212.627873, 245.936379, 225.563694, 241.249380, 218.022044, 269.319396, 254.543211, 248.760943, 265.153714, 246.891205, 273.912369, 232.189996, 253.751844, 267.041365, 222.552832, 232.347327, 246.018355, 260.187940, 248.653434, 208.289792, 215.655541
234.881731, 240.553841, 231.388838, 263.936864, 201.915849, 225.338313, 245.217961, 244.268079, 220.410658, 212.627873, 245.936379, 225.563694, 241.249380, 218.022044, 269.319396, 254.543211, 248.760943, 265.153714, 246.891205, 273.912369, 232.189996, 253.751844, 267.041365, 222.552832, 232.347327, 246.018355, 260.187940, 248.653434, 208.289792, 215.655541
234.881731, 240.553841, 231.388838, 263.936864, 201.915849, 225.338313, 245.217961, 244.268079, 220.410658, 212.627873, 245.936379, 225.563694, 241.249380, 218.022044, 269.319396, 254.543211, 248.760943, 265.153714, 246.891205, 273.912369, 232.189996, 253.751844, 267.041365, 222.552832, 232.347327, 246.018355, 260.187940, 248.653434, 208.289792, 215.655541
234.881731, 232.782508, 231.388838, 263.936864, 201.915849, 225.338313, 245.217961, 244.268079, 220.410658, 212.627873, 245.936379, 225.563694, 241.249380, 218.022044, 269.319396, 254.543211, 248.760943, 265.153714, 246.891205, 273.912369, 232.189996, 253.751844, 267.041365, 222.552832, 232.347327, 246.018355, 260.187940, 248.653434, 208.289792, 215.655541
234.881731, 232.782508, 231.388838, 263.936864, 201.915849, 225.338313, 245.217961, 244.268079, 220.410658, 212.627873, 245.936379, 225.563694, 241.249380, 218.022044, 269.319396, 254.543211, 248.760943, 265.153714, 246.891205, 272.103159, 232.189996, 253.751844, 267.041365, 208.738926, 232.347327, 246.018355, 260.187940, 248.653434, 208.289792, 215.655541
234.881731, 232.782508, 231.388838, 263.936864, 201.915849, 225.338313, 245.217961, 244.268079, 220.410658, 212.627873, 245.936379, 225.563694, 241.249380, 218.022044, 269.319396, 254.543211, 248.760943, 265.153714, 246.891205, 263.157488, 232.189996, 253.751844, 267.041365, 208.738926, 232.347327, 246.018355, 260.187940, 242.642082, 208.289792, 215.655541
234.881731, 232.782508, 231.388838, 263.936864, 201.915849, 225.338313, 245.217961, 244.268079, 220.410658, 212.627873, 245.936379, 225.563694, 241.249380, 218.022044, 257.634293, 254.543211, 248.760943, 265.153714, 246.891205, 263.157488, 232.189996, 253.751844, 267.041365, 208.738926, 232.347327, 246.018355, 260.187940, 242.642082, 208.289792, 215.655541
234.881731, 232.782508, 231.388838, 263.936864, 201.915849, 225.338313, 245.217961, 244.268079, 220.410658, 212.627873, 245.936379, 225.563694, 241.249380, 218.022044, 257.634293, 254.543211, 248.760943, 265.153714, 246.891205, 263.157488, 232.189996, 253.751844, 267.041365, 208.738926, 232.347327, 246.018355, 260.187940, 242.642082, 208.289792, 215.655541
234.881731, 232.782508, 231.388838, 263.936864, 201.915849, 225.338313, 245.217961, 244.268079, 220.410658, 212.627873, 245.936379, 225.563694, 241.249380, 218.022044, 257.634293, 254.543211, 248.760943, 265.153714, 246.891205, 263.157488, 232.189996, 253.751844, 267.041365, 208.738926, 232.347327, 246.018355, 260.187940, 242.642082, 208.289792, 215.655541
234.881731, 232.782508, 231.388838, 263.936864, 201.915849, 225.338313, 245.217961, 244.268079, 220.410658, 212.627873, 245.936379, 225.563694, 241.249380, 218.022044, 257.634293, 254.543211, 248.760943, 265.153714, 246.891205, 263.157488, 232.189996, 253.751844, 267.041365, 208.738926, 232.347327, 246.018355, 260.187940, 242.642082, 208.289792, 215.655541
234.881731, 232.782508, 231.388838, 263.936864, 201.915849, 225.338313, 245.217961, 244.268079, 220.410658, 212.627873, 245.936379, 225.563694, 241.249380, 218.022044, 257.634293, 254.543211, 248.760943, 265.153714, 246.891205, 263.157488, 232.189996, 253.751844, 267.041365, 208.738926, 232.347327, 246.018355, 260.187940, 242.642082, 208.289792, 215.655541
234.881731, 232.782508, 231.388838, 263.936864, 201.915849, 225.338313, 245.217961, 244.268079, 220.410658, 212.627873, 245.936379, 225.563694, 241.249380, 218.022044, 257.634293, 254.543211, 248.760943, 265.153714, 246.891205, 263.157488, 232.189996, 253.751844, 267.041365, 208.738926, 232.347327, 246.018355, 260.187940, 242.642082, 208.289792, 215.655541
234.881731, 232.782508, 231.388838, 263.936864, 201.915849, 225.338313, 245.217961, 244.268079, 220.410658, 212.627873, 245.936379, 225.563694, 241.249380, 207.035541, 257.634293, 254.543211, 248.760943, 265.153714, 246.891205, 263.157488, 232.189996, 253.751844, 267.041365, 208.738926, 232.347327, 246.018355, 260.187940, 239.387611, 208.289792, 215.655541
234.881731, 232.782508, 231.388838, 263.936864, 201.915849, 225.338313, 245.217961, 244.268079, 220.410658, 212.627873, 245.936379, 225.563694, 241.249380, 207.035541, 257.634293, 254.543211, 248.760943, 265.153714, 246.891205, 263.157488, 232.189996, 253.751844, 267.041365, 208.738926, 232.347327, 246.018355, 260.187940, 239.387611, 208.289792, 215.655541
234.881731, 232.782508, 231.388838, 263.936864, 201.915849, 225.338313, 245.217961, 244.268079, 220.410658, 212.627873, 245.936379, 225.563694, 241.249380, 207.035541, 257.634293, 254.543211, 248.760943, 265.153714, 246.891205, 263.157488, 232.189996, 253.751844, 267.041365, 208.738926, 232.347327, 246.018355, 260.187940, 239.387611, 208.289792, 215.655541
234.881731, 232.782508, 231.388838, 263.936864, 201.915849, 225.338313, 245.217961, 244.268079, 220.410658, 212.627873, 245.936379, 225.563694, 241.249380, 207.035541, 257.634293, 254.543211, 248.760943, 265.153714, 246.891205, 263.157488, 232.189996, 253.751844, 267.041365, 208.738926, 232.347327, 246.018355, 260.187940, 239.387611, 208.289792, 215.655541
234.881731, 232.782508, 231.388838, 263.936864, 201.915849, 225.338313, 245.217961, 244.268079, 220.410658, 212.627873, 245.936379, 225.563694, 241.249380, 207.035541, 257.634293, 254.543211, 248.760943, 265.153714, 246.891205, 263.157488, 232.189996, 253.751844, 267.041365, 208.738926, 232.347327, 246.018355, 260.187940, 239.387611, 208.289792, 215.655541
234.881731, 232.782508, 231.388838, 263.936864, 201.915849, 225.338313, 245.217961, 244.268079, 220.410658, 212.627873, 245.936379, 225.563694, 241.249380, 207.035541, 257.634293, 254.543211, 248.760943, 265.153714, 246.891205, 263.157488, 232.189996, 253.751844, 267.041365, 208.738926, 232.347327, 246.018355, 260.187940, 239.387611, 208.289792, 215.655541
234.881731, 232.782508, 231.388838, 263.936864, 201.915849, 225.338313, 245.217961, 244.268079, 220.410658, 212.627873, 245.936379, 225.563694, 241.249380, 207.035541, 257.634293, 254.543211, 248.760943, 265.153714, 246.891205, 263.157488, 232.189996, 253.751844, 267.041365, 208.738926, 232.347327, 246.018355, 260.187940, 239.387611, 208.289792, 215.655541
234.881731, 232.782508, 231.388838, 263.936864, 201.915849, 225.338313, 245.217961, 244.268079, 220.410658, 212.627873, 245.936379, 225.563694, 241.249380, 207.035541, 257.634293, 254.543211, 248.760943, 265.153714, 246.891205, 263.157488, 232.189996, 253.751844, 267.041365, 208.738926, 232.347327, 246.018355, 260.187940, 239.387611, 208.289792, 215.655541
234.881731, 232.782508, 231.388838, 263.936864, 201.915849, 225.338313, 245.217961, 244.268079, 220.410658, 212.627873, 245.936379, 225.563694, 241.249380, 207.035541, 257.634293, 254.543211, 248.760943, 265.153714, 246.891205, 263.157488, 232.189996, 253.751844, 267.041365, 208.738926, 232.347327, 246.018355, 260.187940, 239.387611, 208.289792, 215.655541
234.881731, 232.782508, 231.388838, 263.936864, 201.915849, 225.338313, 245.217961, 244.268079, 220.410658, 212.627873, 245.936379, 225.563694, 241.249380, 207.035541, 257.634293, 254.543211, 248.760943, 265.153714, 246.891205, 263.157488, 232.189996, 253.751844, 267.041365, 208.738926, 232.347327, 246.018355, 260.187940, 239.387611, 208.289792, 215.655541
234.881731, 232.782508, 231.388838, 263.936864, 201.915849, 225.338313, 245.217961, 244.268079, 220.410658, 212.627873, 245.936379, 225.563694, 241.249380, 207.035541, 257.634293, 254.543211, 248.760943, 265.153714, 246.891205, 263.157488, 232.189996, 253.751844, 267.041365, 208.738926, 232.347327, 246.018355, 260.187940, 239.387611, 208.289792, 215.655541
234.881731, 232.782508, 231.388838, 263.936864, 201.915849, 225.338313, 245.217961, 244.268079, 220.410658, 212.627873, 245.936379, 225.563694, 241.249380, 207.035541, 257.634293, 254.543211, 248.760943, 265.153714, 246.891205, 263.157488, 232.189996, 253.751844, 267.041365, 208.738926, 232.347327, 246.018355, 260.187940, 239.387611, 208.289792, 215.655541
234.881731, 232.782508, 231.388838, 263.936864, 201.915849, 225.338313, 245.217961, 244.268079, 220.410658, 212.627873, 245.936379, 225.563694, 241.249380, 207.035541, 257.634293, 254.543211, 248.760943, 265.153714, 246.891205, 263.157488, 232.189996, 253.751844, 267.041365, 208.738926, 232.347327, 246.018355, 260.187940, 239.387611, 208.289792, 215.655541
234.881731, 232.782508, 231.388838, 263.936864, 201.915849, 225.338313, 245.217961, 244.268079, 220.410658, 212.627873, 245.936379, 225.563694, 241.249380, 207.035541, 257.634293, 254.543211, 248.760943, 265.153714, 246.891205, 263.157488, 232.189996, 253.751844, 267.041365, 208.738926, 232.347327, 246.018355, 260.187940, 239.387611, 208.289792, 215.655541
234.881731, 232.782508, 231.388838, 263.936864, 201.915849, 225.338313, 245.217961, 244.268079, 220.410658, 212.627873, 245.936379, 225.563694, 241.249380, 207.035541, 257.634293, 254.543211, 248.760943, 265.153714, 246.891205, 263.157488, 232.189996, 253.751844, 267.041365, 208.738926, 232.347327, 246.018355, 260.187940, 239.387611, 208.289792, 215.655541
234.881731, 232.782508, 231.388838, 263.936864, 201.915849, 225.338313, 245.217961, 244.268079, 220.410658, 212.627873, 245.936379, 225.563694, 241.249380, 207.035541, 257.634293, 254.543211, 248.760943, 265.153714, 246.891205, 263.157488, 232.189996, 253.751844, 267.041365, 208.738926, 232.347327, 246.018355, 260.187940, 239.387611, 208.289792, 215.655541
234.881731, 232.782508, 231.388838, 263.936864, 201.915849, 225.338313, 245.217961, 244.268079, 220.410658, 212.627873, 245.936379, 225.563694, 241.249380, 207.035541, 257.634293, 254.543211, 248.760943, 265.153714, 246.891205, 263.157488, 232.189996, 253.751844, 267.041365, 208.738926, 232.347327, 246.018355, 260.187940, 239.387611, 208.289792, 215.655541
234.881731, 232.782508, 231.388838, 263.936864, 201.915849, 225.338313, 245.217961, 244.268079, 220.410658, 212.627873, 245.936379, 225.563694, 241.249380, 207.035541, 257.634293, 254.543211, 248.760943, 265.153714, 246.891205, 263.157488, 232.189996, 253.751844, 267.041365, 208.738926, 232.347327, 246.018355, 260.187940, 239.387611, 208.289792, 215.655541
234.881731, 232.782508, 231.388838, 258.846338, 201.915849, 225.338313, 245.217961, 244.268079, 220.410658, 212.627873, 245.936379, 225.563694, 241.249380, 207.035541, 257.634293, 254.543211, 248.760943, 265.153714, 246.891205, 263.157488, 232.189996, 253.751844, 267.041365, 208.738926, 232.347327, 246.018355, 259.651450, 239.387611, 208.289792, 215.655541
234.881731, 232.782508, 231.388838, 258.846338, 201.915849, 225.338313, 245.217961, 244.268079, 220.410658, 212.627873, 245.936379, 225.563694, 241.249380, 207.035541, 257.634293, 254.543211, 248.760943, 265.153714, 246.891205, 263.157488, 232.189996, 253.751844, 267.041365, 208.738926, 232.347327, 246.018355, 259.651450, 239.387611, 208.289792, 215.655541
234.881731, 232.782508, 231.388838, 240.418092, 201.915849, 225.338313, 245.217961, 244.268079, 220.410658, 212.627873, 245.936379, 225.563694, 241.249380, 207.035541, 257.634293, 254.543211, 248.760943, 265.153714, 246.891205, 263.157488, 232.189996, 253.751844, 267.041365, 208.738926, 232.347327, 246.018355, 259.651450, 239.387611, 208.289792, 215.655541
234.881731, 232.782508, 231.388838, 240.418092, 201.915849, 225.338313, 245.217961, 244.268079, 220.410658, 212.627873, 245.936379, 225.563694, 241.249380, 207.035541, 257.634293, 254.543211, 248.760943, 265.153714, 246.891205, 263.157488, 232.189996, 253.751844, 267.041365, 208.738926, 232.347327, 246.018355, 259.651450, 239.387611, 208.289792, 215.655541
234.881731, 232.782508, 231.388838, 240.418092, 201.915849, 225.338313, 245.217961, 244.268079, 220.410658, 212.627873, 245.936379, 225.563694, 241.249380, 207.035541, 257.634293, 254.543211, 248.760943, 265.153714, 246.891205, 263.157488, 232.189996, 253.751844, 267.041365, 208.738926, 232.347327, 246.018355, 254.810977, 239.387611, 208.289792, 215.655541
234.881731, 232.782508, 231.388838, 240.418092, 201.915849, 225.338313, 245.217961, 244.268079, 220.410658, 212.627873, 245.936379, 225.563694, 241.249380, 207.035541, 257.634293, 254.543211, 248.760943, 265.153714, 246.891205, 263.157488, 232.189996, 253.751844, 267.041365, 208.738926, 232.347327, 246.018355, 254.810977, 239.262637, 208.289792, 215.655541
234.881731, 232.782508, 231.388838, 240.418092, 201.915849, 225.338313, 245.217961, 244.268079, 220.410658, 212.627873, 245.936379, 225.563694, 241.249380, 207.035541, 257.634293, 254.543211, 248.760943, 265.153714, 246.891205, 263.157488, 232.189996, 253.751844, 267.041365, 208.738926, 232.347327, 246.018355, 254.810977, 239.262637, 208.289792, 215.655541
234.881731, 232.782508, 231.388838, 240.418092, 201.915849, 225.338313, 245.217961, 244.268079, 220.410658, 212.627873, 245.936379, 225.563694, 241.249380, 207.035541, 257.634293, 254.543211, 248.760943, 265.153714, 246.891205, 263.157488, 232.189996, 253.751844, 267.041365, 208.738926, 232.347327, 246.018355, 254.810977, 239.262637, 208.289792, 215.655541
234.881731, 232.782508, 231.388838, 240.418092, 201.915849, 225.338313, 245.217961, 244.268079, 220.410658, 212.627873, 245.936379, 225.563694, 241.249380, 207.035541, 257.634293, 254.543211, 248.760943, 265.153714, 246.891205, 263.157488, 232.189996, 253.751844, 267.041365, 208.738926, 232.347327, 246.018355, 254.810977, 239.262637, 208.289792, 215.655541
234.881731, 232.782508, 231.388838, 240.418092, 201.915849, 225.338313, 245.217961, 244.268079, 220.410658, 212.627873, 245.936379, 225.563694, 241.249380, 207.035541, 257.634293, 254.543211, 248.760943, 265.153714, 246.891205, 263.157488, 232.189996, 253.751844, 267.041365, 208.738926, 232.347327, 246.018355, 254.810977, 239.262637, 208.289792, 215.655541
234.881731, 232.782508, 231.388838, 240.418092, 201.915849, 225.338313, 245.217961, 244.268079, 220.410658, 212.627873, 245.936379, 225.563694, 241.249380, 207.035541, 257.634293, 254.543211, 248.760943, 265.153714, 246.891205, 263.157488, 232.189996, 253.751844, 267.041365, 208.738926, 232.347327, 246.018355, 254.810977, 239.262637, 208.289792, 215.655541
234.881731, 232.782508, 231.388838, 240.418092, 201.915849, 225.338313, 245.217961, 244.268079, 220.410658, 212.627873, 245.936379, 225.563694, 241.249380, 207.035541, 257.634293, 254.543211, 248.760943, 265.153714, 246.891205, 263.157488, 232.189996, 253.751844, 267.041365, 208.738926, 232.347327, 246.018355, 254.810977, 239.262637, 208.289792, 215.655541
234.881731, 232.782508, 231.388838, 240.418092, 201.915849, 225.338313, 245.217961, 244.268079, 220.410658, 212.627873, 245.936379, 225.563694, 241.249380, 207.035541, 257.634293, 254.543211, 248.760943, 265.153714, 246.891205, 263.157488, 232.189996, 253.751844, 267.041365, 208.738926, 232.347327, 246.018355, 254.810977, 239.262637, 208.289792, 215.655541
234.881731, 232.782508, 231.388838, 240.418092, 201.915849, 225.338313, 245.217961, 244.268079, 220.410658, 212.627873, 245.936379, 225.563694, 241.249380, 207.035541, 257.634293, 254.543211, 248.760943, 265.153714, 246.891205, 263.157488, 232.189996, 253.751844, 267.041365, 208.738926, 232.347327, 246.018355, 254.810977, 239.262637, 208.289792, 215.655541
234.881731, 232.782508, 231.388838, 240.418092, 201.915849, 225.338313, 245.217961, 244.268079, 220.410658, 212.627873, 245.936379, 225.563694, 241.249380, 207.035541, 257.634293, 254.543211, 248.760943, 265.153714, 246.891205, 263.157488, 232.189996, 253.751844, 267.041365, 208.738926, 232.347327, 246.018355, 254.810977, 239.262637, 208.289792, 215.655541
234.881731, 232.782508, 231.388838, 240.418092, 201.915849, 225.338313, 245.217961, 244.268079, 220.410658, 212.627873, 245.936379, 225.563694, 241.249380, 207.035541, 257.634293, 254.543211, 248.760943, 265.153714, 246.891205, 263.157488, 232.189996, 253.751844, 267.041365, 208.738926, 232.347327, 246.018355, 254.810977, 239.262637, 208.289792, 215.655541
234.881731, 232.782508, 231.388838, 240.418092, 201.915849, 225.338313, 245.217961, 244.268079, 220.410658, 212.627873, 245.936379, 225.563694, 241.249380, 207.035541, 257.634293, 254.543211, 248.760943, 265.153714, 246.891205, 263.157488, 232.189996, 253.751844, 267.041365, 208.738926, 232.347327, 246.018355, 254.810977, 239.262637, 208.289792, 215.655541
