88.022222 89.777778 94.555556 97.800000 107.333333 113.200000 114.955556 128.422222 136.400000 144.422222 142.777778 139.288889 119.533333 109.355556 111.000000 99.711111 
159.388889 161.444444 137.722222 88.388889 63.833333 56.277778 50.333333 50.277778 51.500000 62.611111 75.000000 71.444444 111.055556 145.277778 119.333333 89.444444 
218.035556 218.075556 217.964444 217.955556 217.786667 218.155556 218.395556 217.760000 217.960000 217.582222 217.386667 217.448889 217.608889 217.231111 217.400000 217.475556 
169.000000 173.200000 181.575000 190.350000 196.125000 196.425000 198.650000 177.125000 137.600000 164.900000 128.775000 155.200000 223.550000 232.325000 230.450000 232.975000 
89.981481 90.808642 90.296296 88.820988 89.820988 90.611111 91.320988 90.197531 90.419753 89.524691 90.425926 90.277778 92.685185 93.759259 92.524691 91.993827 
222.818182 219.959596 218.262626 221.080808 126.333333 215.262626 223.010101 222.848485 221.808081 221.525253 221.797980 222.979798 223.535354 223.565657 222.959596 223.010101 
79.767677 76.141414 71.585859 63.595960 57.575758 50.525253 49.404040 46.292929 44.777778 46.050505 46.595960 47.323232 46.848485 46.353535 52.494949 61.404040 
105.000000 115.777778 168.777778 186.222222 142.777778 96.888889 109.222222 146.444444 156.111111 145.777778 110.555556 111.111111 147.444444 174.111111 146.222222 110.333333 
94.500000 94.450000 85.650000 73.100000 56.675000 46.000000 40.425000 37.350000 36.375000 38.850000 54.350000 65.525000 75.175000 79.425000 86.825000 82.875000 
40.937500 43.656250 43.625000 44.156250 48.937500 61.218750 86.656250 120.468750 136.062500 142.843750 131.093750 130.500000 102.562500 120.218750 130.218750 125.093750 
64.137931 70.344828 80.896552 95.689655 128.862069 151.241379 155.068966 163.862069 166.620690 163.379310 155.310345 124.034483 79.551724 89.620690 150.551724 155.034483 
127.198068 126.173913 126.280193 126.376812 126.516908 125.391304 124.879227 124.386473 123.608696 121.859903 121.241546 118.980676 119.072464 117.526570 117.449275 117.096618 
96.700000 129.766667 144.733333 149.466667 152.200000 150.033333 148.666667 148.366667 141.366667 116.166667 69.633333 65.066667 66.300000 77.866667 85.466667 85.700000 
168.642857 226.285714 243.071429 247.571429 248.857143 244.857143 247.071429 247.214286 247.357143 248.428571 246.214286 237.142857 248.357143 243.214286 238.142857 242.071429 
202.731183 202.650538 202.897849 202.763441 202.080645 201.413978 202.000000 202.048387 202.806452 202.672043 202.397849 201.940860 202.241935 202.026882 201.849462 201.134409 
56.085366 54.158537 53.439024 53.000000 54.682927 56.073171 59.524390 58.085366 58.646341 57.768293 60.548780 66.658537 75.036585 81.170732 84.170732 84.987805 
197.666667 128.000000 95.166667 145.166667 183.666667 153.000000 140.833333 122.166667 119.333333 140.833333 178.333333 163.666667 103.000000 134.000000 191.666667 183.166667 
197.760000 198.280000 198.160000 202.480000 137.320000 201.520000 205.640000 205.920000 207.120000 204.560000 202.720000 196.400000 178.240000 114.560000 94.840000 94.200000 
233.200000 230.040000 229.220000 232.000000 136.420000 227.960000 234.380000 235.160000 235.140000 236.180000 236.840000 235.900000 229.460000 208.100000 124.760000 83.560000 
100.193548 95.290323 90.096774 93.741935 105.483871 129.612903 157.516129 166.064516 167.193548 174.806452 179.354839 180.967742 175.612903 162.774194 133.645161 100.483871 
236.768116 239.869565 241.101449 239.956522 238.695652 236.550725 235.550725 234.594203 233.420290 233.420290 232.507246 231.101449 227.420290 225.057971 222.478261 222.000000 
102.038462 107.269231 93.307692 107.692308 92.461538 69.000000 68.653846 77.307692 102.384615 149.961538 193.346154 204.115385 211.538462 215.346154 213.538462 210.115385 
178.885714 171.057143 165.828571 173.285714 187.342857 204.657143 220.771429 231.885714 237.228571 237.457143 236.628571 239.114286 240.485714 241.000000 241.457143 242.057143 
129.136364 125.772727 119.181818 131.636364 107.909091 136.409091 102.045455 143.545455 91.227273 151.181818 86.863636 152.590909 84.909091 148.272727 88.000000 144.045455 
212.684874 213.130252 212.894958 212.941176 213.172269 213.067227 213.571429 213.294118 213.252101 213.521008 213.508403 213.752101 214.302521 214.533613 214.920168 215.063025 
231.964286 231.250000 231.535714 233.517857 232.553571 231.232143 228.428571 220.535714 207.857143 188.160714 178.410714 176.607143 178.000000 186.160714 191.910714 194.089286 
148.809524 154.500000 157.380952 154.452381 156.761905 166.476190 169.166667 184.142857 185.738095 177.928571 163.809524 142.238095 131.285714 123.595238 127.690476 131.738095 
152.950000 123.900000 159.950000 115.650000 159.850000 106.350000 156.250000 98.300000 145.000000 95.350000 131.100000 93.950000 117.600000 87.700000 115.700000 78.700000 
235.106383 235.212766 231.446809 226.723404 217.723404 202.106383 186.872340 174.531915 171.276596 184.106383 206.234043 218.744681 226.127660 229.659574 230.361702 233.063830 
230.843137 235.490196 240.254902 242.588235 241.490196 241.666667 241.450980 242.215686 240.078431 240.352941 240.470588 239.156863 235.705882 233.176471 227.313725 225.627451 
218.500000 214.500000 213.583333 218.416667 222.555556 225.972222 227.972222 228.750000 230.333333 232.083333 231.472222 228.416667 223.416667 219.388889 212.694444 210.750000 
198.750000 204.000000 244.166667 245.583333 210.000000 228.500000 235.750000 253.250000 254.583333 254.750000 254.833333 254.583333 255.000000 254.916667 253.500000 249.250000 
235.000000 236.178571 236.892857 237.642857 239.071429 240.750000 240.178571 235.571429 225.357143 197.321429 97.500000 62.357143 70.107143 58.107143 58.035714 59.750000 
152.025641 115.564103 88.871795 85.358974 82.410256 87.743590 92.820513 92.000000 92.538462 99.307692 95.128205 92.820513 99.000000 103.076923 102.589744 114.666667 
75.890110 74.093407 72.478022 70.725275 71.560440 69.741758 68.972527 68.478022 68.807692 69.120879 70.087912 70.571429 69.384615 68.016484 67.604396 68.983516 
153.847458 160.796610 159.830508 154.237288 157.389831 160.338983 173.135593 181.406780 187.152542 192.542373 196.745763 200.152542 200.661017 196.915254 196.067797 198.000000 
153.000000 139.250000 126.312500 117.062500 106.625000 132.625000 173.812500 201.812500 212.375000 216.312500 217.750000 217.250000 218.625000 219.125000 220.000000 220.500000 
181.850000 183.450000 184.500000 169.550000 168.500000 170.000000 175.650000 171.800000 138.650000 99.450000 57.850000 43.200000 61.450000 100.900000 140.150000 158.100000 
90.046512 93.476744 99.779070 105.348837 112.697674 119.383721 117.244186 115.069767 110.732558 100.023256 98.267442 99.709302 104.779070 107.697674 109.220930 107.372093 
187.875000 185.208333 183.791667 187.208333 95.416667 182.500000 189.375000 189.791667 189.041667 189.041667 185.083333 173.583333 142.750000 131.250000 128.333333 133.625000 
213.862069 214.724138 216.120690 219.137931 222.948276 228.241379 232.879310 236.827586 238.103448 240.051724 240.844828 240.655172 241.017241 240.913793 241.637931 241.155172 
227.622449 228.204082 228.673469 228.884354 228.778912 228.564626 228.670068 229.064626 229.197279 229.132653 228.870748 228.414966 228.649660 228.908163 229.000000 228.938776 
95.878049 92.853659 91.121951 100.390244 132.975610 177.804878 199.170732 205.853659 208.829268 210.658537 211.682927 211.000000 212.707317 211.536585 207.439024 201.268293 
229.923077 228.615385 225.230769 218.025641 209.846154 202.615385 201.512821 206.512821 212.743590 218.256410 225.102564 230.717949 232.923077 233.153846 234.230769 233.923077 
52.294118 47.823529 46.745098 45.176471 44.705882 42.725490 42.588235 43.882353 44.647059 45.490196 47.745098 49.235294 54.058824 73.647059 113.960784 142.333333 
181.921348 178.674157 174.977528 170.539326 171.955056 171.696629 170.539326 169.921348 170.528090 172.820225 169.449438 169.505618 167.685393 166.910112 167.573034 168.910112 
198.250000 195.390625 194.062500 195.843750 109.593750 191.265625 197.921875 197.187500 195.671875 196.828125 197.937500 199.234375 199.218750 200.281250 200.140625 198.703125 
40.046512 36.558140 36.860465 32.546512 32.511628 32.546512 33.162791 34.418605 34.593023 34.523256 33.500000 33.720930 36.000000 33.058140 32.453488 34.930233 
101.718750 101.246094 101.367188 100.789063 100.011719 99.949219 100.316406 100.679688 100.183594 99.359375 98.714844 98.550781 98.722656 99.355469 101.726563 102.183594 
226.430380 223.556962 217.696203 215.810127 212.265823 208.772152 207.000000 205.240506 203.645570 201.468354 197.835443 195.392405 193.544304 194.316456 194.949367 195.075949 
74.518519 75.962963 57.777778 43.240741 38.555556 35.074074 33.500000 34.592593 34.407407 35.629630 32.203704 31.870370 30.722222 31.222222 33.055556 39.833333 
218.056604 228.433962 242.207547 239.056604 245.188679 248.207547 248.452830 248.113208 248.547170 248.188679 247.301887 244.113208 244.622642 240.528302 236.113208 235.245283 
48.655172 47.448276 45.482759 48.413793 59.517241 86.344828 112.000000 119.379310 115.000000 100.379310 87.689655 66.275862 59.068966 58.310345 49.448276 43.965517 
95.758242 92.549451 93.725275 90.428571 91.923077 89.461538 96.021978 100.175824 111.736264 111.263736 113.956044 120.362637 127.472527 130.472527 122.813187 123.439560 
190.193548 194.806452 188.096774 167.451613 152.548387 148.548387 170.258065 193.612903 209.419355 219.548387 226.806452 228.903226 228.580645 228.258065 229.000000 230.129032 
245.540984 248.639344 248.114754 248.409836 249.311475 248.934426 249.000000 249.114754 247.803279 247.868852 247.245902 244.098361 242.639344 238.245902 230.704918 227.032787 
193.423077 183.807692 201.115385 219.423077 234.961538 239.192308 241.730769 242.000000 241.192308 242.884615 247.615385 249.076923 248.000000 247.576923 246.769231 241.346154 
144.105263 159.368421 163.815789 165.500000 159.631579 160.000000 164.578947 166.473684 172.526316 169.552632 167.552632 162.578947 141.842105 108.552632 86.105263 83.842105 
146.000000 119.530612 59.755102 46.938776 45.918367 48.510204 49.183673 48.653061 46.510204 46.387755 47.714286 48.204082 45.387755 46.734694 45.061224 45.000000 
66.636364 71.000000 84.818182 107.254545 122.072727 129.090909 130.436364 129.672727 129.600000 125.236364 124.418182 128.672727 135.509091 138.618182 137.400000 130.000000 
226.555556 228.000000 228.000000 231.933333 232.222222 234.044444 235.311111 235.088889 234.044444 231.511111 226.711111 220.111111 203.466667 191.733333 187.311111 192.200000 
90.240000 85.040000 90.960000 94.880000 114.520000 167.920000 182.720000 185.720000 187.760000 183.920000 177.240000 94.560000 64.920000 56.520000 53.720000 57.040000 
229.083333 229.616667 231.583333 234.950000 236.100000 238.550000 241.350000 243.783333 245.250000 246.233333 247.283333 247.966667 248.216667 248.483333 248.200000 248.000000 
152.132231 148.520661 148.595041 146.157025 147.776860 145.033058 146.983471 143.148760 145.421488 145.512397 146.776860 143.760331 144.206612 143.760331 145.314050 147.330579 
109.500000 105.857143 138.357143 174.928571 180.857143 173.714286 147.285714 132.571429 150.285714 178.071429 187.642857 188.714286 184.428571 196.642857 190.571429 179.785714 
187.673469 178.734694 157.244898 128.000000 123.530612 120.979592 122.448980 120.408163 126.877551 160.367347 193.244898 203.102041 207.183673 204.142857 208.836735 211.897959 
92.333333 71.750000 57.500000 59.208333 58.208333 64.583333 66.750000 71.500000 106.708333 126.875000 165.291667 181.666667 168.500000 123.041667 86.166667 78.875000 
212.181818 208.848485 202.242424 195.666667 198.666667 206.818182 216.727273 227.151515 232.454545 235.424242 240.757576 242.818182 242.151515 241.363636 239.636364 238.878788 
148.347826 146.304348 163.847826 178.108696 188.869565 201.565217 205.978261 210.130435 213.456522 214.282609 216.217391 217.934783 219.978261 222.239130 222.565217 222.282609 
132.508197 159.918033 164.524590 163.508197 165.704918 168.836066 171.114754 175.704918 174.344262 171.426230 170.672131 168.688525 169.081967 165.262295 168.098361 166.655738 
120.052326 121.331395 121.552326 119.424419 117.145349 115.284884 114.296512 114.372093 112.063953 110.441860 107.837209 106.540698 106.901163 106.854651 107.418605 105.633721 
57.272727 62.636364 70.090909 103.022727 130.727273 149.613636 162.931818 164.113636 160.227273 160.727273 159.727273 157.340909 160.318182 158.477273 158.454545 156.181818 
230.142857 232.428571 232.464286 233.928571 234.321429 234.821429 236.392857 236.535714 236.000000 235.357143 236.000000 232.678571 227.857143 208.142857 180.750000 153.928571 
54.610169 56.237288 53.711864 54.830508 61.796610 63.338983 55.610169 46.559322 41.220339 37.491525 35.966102 34.271186 35.220339 35.491525 36.118644 37.406780 
182.391304 180.521739 194.739130 221.521739 225.826087 223.304348 200.130435 199.608696 192.434783 198.478261 209.608696 216.000000 221.695652 224.826087 226.739130 225.521739 
231.454545 232.590909 231.045455 230.500000 228.250000 228.818182 229.136364 231.181818 234.545455 236.022727 239.295455 242.704545 243.909091 244.704545 244.136364 244.545455 
118.969697 123.818182 117.727273 116.696970 108.484848 97.545455 95.666667 92.151515 111.181818 125.606061 147.000000 138.969697 138.151515 150.454545 153.606061 163.818182 
112.071429 111.095238 105.261905 118.047619 121.690476 119.000000 121.142857 119.928571 108.761905 108.190476 117.190476 172.357143 203.976190 206.452381 206.000000 207.023810 
64.173913 67.956522 97.652174 131.130435 146.260870 148.739130 145.956522 132.782609 102.956522 73.826087 54.434783 43.478261 43.391304 44.434783 46.869565 55.478261 
139.047619 131.357143 138.309524 127.452381 106.428571 80.857143 56.071429 43.619048 41.738095 41.071429 40.214286 40.023810 43.547619 50.476190 56.071429 58.071429 
75.586667 73.493333 75.000000 77.706667 76.200000 72.760000 73.520000 74.013333 72.080000 66.093333 54.640000 47.053333 42.546667 40.346667 40.973333 42.440000 
216.105263 216.078947 214.578947 213.500000 214.184211 214.684211 212.447368 214.000000 213.868421 214.184211 214.552632 212.894737 209.184211 200.605263 188.842105 153.736842 
232.868852 232.836066 234.491803 232.590164 225.327869 215.311475 195.213115 182.459016 176.098361 177.098361 178.557377 180.344262 183.459016 184.426230 186.868852 186.622951 
75.181818 123.636364 192.272727 227.818182 233.090909 230.909091 224.181818 205.818182 166.909091 113.818182 79.909091 85.090909 96.909091 124.090909 171.909091 213.181818 
215.000000 213.921053 211.605263 209.973684 208.184211 204.736842 202.947368 202.473684 201.052632 197.157895 189.789474 176.184211 168.736842 163.394737 158.368421 152.421053 
190.421875 190.234375 188.117188 186.812500 186.757813 185.609375 185.492188 184.859375 183.859375 185.523438 187.335938 187.945313 188.140625 187.687500 185.984375 186.625000 
109.136364 114.022727 113.636364 113.522727 116.022727 113.954545 107.500000 110.590909 122.727273 138.772727 131.318182 110.431818 91.454545 70.840909 59.750000 55.750000 
211.666667 204.416667 184.500000 184.666667 165.666667 161.666667 106.333333 127.250000 200.583333 220.666667 221.916667 224.833333 224.666667 225.083333 225.666667 226.333333 
244.940678 245.686441 246.330508 246.813559 247.601695 248.220339 248.567797 248.889831 248.872881 248.838983 248.686441 248.805085 248.584746 248.338983 248.042373 246.084746 
121.600000 125.666667 121.666667 129.333333 122.566667 119.633333 120.466667 121.633333 125.666667 112.266667 158.266667 181.333333 177.100000 127.466667 106.600000 94.766667 
236.142857 234.142857 229.285714 220.952381 216.666667 212.619048 215.095238 219.428571 226.714286 231.333333 234.761905 239.809524 240.333333 232.476190 215.190476 210.619048 
90.672727 127.636364 160.254545 170.909091 179.818182 185.054545 185.254545 189.109091 193.527273 192.400000 188.709091 189.981818 191.000000 187.236364 181.363636 180.436364 
124.611650 123.203883 125.349515 124.388350 124.349515 123.300971 120.611650 109.922330 94.058252 90.495146 84.213592 75.854369 73.388350 71.067961 70.728155 70.679612 
63.333333 54.722222 76.777778 109.944444 96.333333 67.500000 59.833333 90.222222 129.222222 114.277778 65.222222 48.277778 47.055556 46.166667 46.777778 45.166667 
207.095238 183.380952 145.952381 117.952381 157.190476 198.714286 209.238095 218.428571 225.714286 233.666667 234.809524 234.952381 238.428571 238.714286 236.380952 237.285714 
55.156425 54.385475 55.189944 55.418994 55.893855 56.888268 61.659218 60.575419 60.541899 59.770950 57.463687 55.664804 55.418994 55.642458 56.301676 55.983240 
223.080460 223.310345 222.390805 221.689655 221.068966 220.436782 220.517241 219.000000 218.586207 217.586207 214.793103 210.091954 206.195402 203.206897 200.367816 194.379310 
103.969697 107.363636 112.000000 122.151515 129.909091 137.212121 143.000000 145.060606 146.939394 150.878788 154.333333 160.575758 159.545455 165.151515 166.242424 168.454545 
186.111111 189.361111 190.222222 186.861111 179.027778 173.555556 166.472222 165.166667 165.305556 165.388889 157.805556 146.000000 137.388889 125.083333 101.277778 90.138889 
189.640000 195.240000 207.960000 215.000000 220.880000 227.360000 229.960000 232.360000 233.560000 233.040000 227.600000 222.360000 216.880000 211.480000 208.040000 204.160000 
108.266667 108.266667 128.466667 145.266667 157.600000 155.733333 159.066667 156.866667 166.666667 170.866667 155.466667 161.533333 148.933333 136.866667 92.333333 66.200000 
132.912281 144.280702 144.315789 141.719298 140.701754 140.333333 135.947368 134.701754 124.807018 89.087719 65.263158 52.000000 47.368421 49.070175 52.578947 60.491228 
162.969697 163.545455 162.181818 144.272727 132.181818 99.696970 66.696970 56.787879 56.060606 57.878788 65.363636 74.454545 93.242424 111.151515 111.575758 119.030303 
203.166667 202.000000 124.166667 103.500000 181.333333 197.833333 175.833333 157.166667 131.166667 119.000000 187.666667 195.833333 148.666667 102.333333 104.833333 161.833333 
117.472222 162.513889 162.486111 162.555556 160.527778 160.555556 160.486111 161.500000 160.444444 160.305556 159.763889 158.319444 160.597222 158.361111 158.888889 154.652778 
69.600000 84.700000 120.175000 149.800000 164.475000 162.400000 161.350000 162.150000 157.475000 152.875000 151.100000 150.175000 150.325000 150.825000 151.975000 152.225000 
109.808333 112.479167 113.595833 115.316667 116.495833 117.679167 118.529167 119.254167 118.912500 119.925000 119.741667 120.379167 120.241667 121.166667 121.979167 121.058333 
108.279070 107.500000 102.837209 98.697674 95.860465 88.476744 82.779070 73.744186 66.372093 58.813953 54.337209 53.104651 53.860465 57.104651 61.662791 69.267442 
149.185185 135.925926 115.925926 117.037037 126.703704 142.962963 158.074074 170.370370 172.222222 178.222222 185.666667 181.037037 178.777778 177.777778 182.666667 182.740741 
226.258065 225.903226 225.161290 226.677419 225.612903 224.677419 224.322581 227.064516 225.741935 224.935484 228.709677 231.774194 233.483871 233.903226 236.419355 237.225806 
73.530303 68.575758 63.424242 64.772727 66.636364 69.939394 69.015152 81.515152 102.681818 121.181818 143.651515 158.272727 164.000000 165.121212 163.242424 151.606061 
82.142857 58.071429 36.428571 30.500000 31.285714 34.357143 64.928571 87.285714 81.214286 37.500000 31.142857 27.785714 28.785714 31.071429 65.714286 84.000000 
190.520000 184.520000 179.440000 165.400000 152.240000 140.040000 142.600000 144.600000 149.120000 156.520000 157.200000 168.000000 173.800000 179.160000 178.120000 181.280000 
167.157895 174.894737 156.894737 119.263158 87.947368 79.368421 96.789474 94.105263 113.421053 127.210526 137.263158 146.894737 149.157895 146.736842 151.842105 157.052632 
223.136364 226.863636 233.681818 229.636364 230.045455 224.954545 223.363636 215.136364 220.318182 231.772727 237.954545 239.409091 236.136364 238.045455 238.863636 231.545455 
98.020408 103.510204 137.163265 181.428571 172.061224 192.857143 195.142857 215.428571 225.530612 226.693878 227.000000 226.816327 227.020408 227.714286 226.979592 227.755102 
66.200000 69.060000 63.560000 76.360000 90.580000 90.760000 104.040000 93.540000 118.080000 134.500000 136.080000 139.220000 132.620000 130.080000 130.500000 129.360000 
186.602564 188.012821 188.500000 194.756410 199.205128 202.923077 208.846154 210.512821 213.525641 216.717949 219.269231 220.423077 221.346154 222.384615 224.384615 225.500000 
183.228070 185.649123 186.771930 186.666667 182.526316 182.578947 181.649123 174.684211 166.543860 165.087719 161.070175 160.438596 154.473684 148.263158 142.912281 142.964912 
207.801980 207.316832 208.297030 209.594059 211.336634 213.980198 217.108911 219.544554 221.425743 223.039604 223.297030 223.891089 225.138614 225.009901 224.257426 224.702970 
180.500000 178.500000 178.628571 185.028571 179.585714 172.800000 171.457143 172.628571 170.700000 172.371429 173.971429 184.842857 210.428571 215.928571 213.828571 219.028571 
152.616438 153.876712 155.232877 154.075342 154.664384 154.273973 155.582192 156.589041 156.013699 156.054795 154.979452 156.102740 153.376712 154.904110 155.876712 152.582192 
209.553648 209.759657 209.729614 209.742489 209.412017 208.811159 208.849785 208.369099 208.403433 208.381974 208.098712 208.133047 208.424893 208.158798 207.562232 207.313305 
225.903226 229.532258 227.403226 221.903226 216.016129 211.225806 207.693548 204.580645 206.322581 208.306452 208.129032 211.161290 215.967742 220.370968 220.500000 220.967742 
230.087475 229.962227 230.186879 230.590457 230.685885 230.375746 230.015905 230.037773 230.282306 230.564612 230.489066 230.105368 229.954274 230.230616 230.610338 230.813121 
150.571429 177.428571 139.714286 179.000000 132.714286 182.000000 128.285714 180.857143 124.000000 179.285714 118.000000 169.857143 112.428571 154.714286 112.000000 145.142857 
169.280000 163.600000 154.360000 146.740000 139.260000 135.300000 125.940000 124.860000 111.900000 113.320000 113.840000 120.200000 127.100000 126.560000 124.240000 117.960000 
191.448276 199.655172 198.862069 189.482759 160.379310 132.034483 114.137931 118.172414 131.551724 145.517241 155.896552 158.517241 164.758621 163.379310 161.448276 153.896552 
58.127660 50.659574 48.127660 47.021277 45.638298 46.638298 47.702128 50.170213 56.042553 72.042553 79.085106 73.787234 57.042553 49.234043 49.829787 51.021277 
223.920635 224.261905 224.730159 224.908730 224.757937 224.750000 224.833333 224.702381 224.761905 224.551587 224.388889 224.507937 224.654762 224.535714 224.337302 224.043651 
126.437500 142.750000 184.437500 208.187500 220.750000 227.062500 228.937500 231.250000 232.937500 233.812500 234.062500 236.375000 238.312500 238.062500 237.875000 235.562500 
48.216216 41.621622 37.783784 35.432432 34.378378 34.351351 35.270270 36.891892 43.702703 59.540541 81.216216 98.027027 104.513514 111.891892 105.837838 97.567568 
54.728814 51.847458 51.932203 50.542373 53.949153 57.271186 74.661017 82.440678 85.847458 91.016949 93.050847 84.271186 77.423729 69.542373 62.932203 57.355932 
102.323529 122.000000 131.411765 140.882353 140.000000 127.529412 108.235294 76.794118 50.764706 42.176471 40.235294 40.147059 42.558824 45.617647 52.823529 67.676471 
34.888889 34.977778 33.600000 32.866667 31.777778 31.555556 31.577778 31.533333 31.666667 33.355556 35.066667 36.533333 38.666667 42.888889 48.822222 60.711111 
103.602740 104.095890 96.424658 78.506849 59.041096 52.534247 48.465753 44.095890 40.917808 38.945205 37.863014 38.575342 38.780822 39.630137 40.739726 43.410959 
177.432432 193.432432 201.594595 210.891892 217.783784 222.324324 222.972973 222.108108 222.432432 222.054054 224.054054 228.108108 230.621622 232.810811 234.351351 235.216216 
74.000000 89.428571 112.285714 128.571429 144.714286 147.857143 155.000000 189.142857 222.285714 230.142857 231.142857 224.142857 205.857143 103.428571 80.285714 77.142857 
228.423077 227.038462 224.192308 221.500000 212.384615 194.923077 161.115385 152.423077 144.153846 144.461538 141.192308 132.230769 134.576923 135.384615 146.884615 154.423077 
131.462963 149.000000 157.851852 163.537037 173.092593 176.685185 175.518519 171.518519 164.685185 154.555556 139.148148 101.222222 81.925926 71.777778 77.166667 93.851852 
219.340909 223.000000 227.659091 231.340909 233.409091 234.659091 236.931818 239.159091 239.818182 239.909091 239.181818 238.272727 235.681818 234.590909 232.363636 232.227273 
233.782609 233.260870 232.826087 234.434783 234.739130 234.565217 235.260870 235.391304 234.347826 233.434783 231.782609 224.782609 207.043478 157.739130 122.043478 133.652174 
178.666667 172.777778 168.555556 166.555556 170.722222 166.444444 151.777778 163.722222 124.277778 155.277778 108.555556 124.444444 225.333333 229.666667 231.055556 231.000000 
245.038462 246.788462 247.826923 248.461538 248.019231 247.365385 247.000000 246.903846 245.711538 244.038462 241.461538 236.730769 225.230769 217.576923 218.557692 220.480769 
182.250000 182.250000 157.750000 104.791667 109.500000 93.083333 115.458333 154.958333 131.958333 128.791667 126.458333 118.000000 107.083333 92.500000 75.375000 88.541667 
122.463415 123.707317 128.926829 128.560976 136.292683 136.121951 127.292683 113.853659 110.268293 94.243902 98.585366 116.634146 124.756098 131.585366 137.390244 142.219512 
141.661017 146.355932 156.864407 151.576271 140.457627 132.220339 113.288136 107.220339 96.559322 97.372881 96.898305 94.389831 95.508475 95.915254 93.932203 94.745763 
132.010526 131.263158 135.063158 137.178947 140.452632 141.263158 143.263158 145.000000 148.557895 148.894737 149.294737 152.115789 148.505263 150.663158 148.400000 145.663158 
124.870504 125.546763 126.611511 126.489209 128.503597 128.395683 127.726619 130.517986 130.366906 130.064748 129.431655 131.388489 132.460432 133.604317 134.532374 133.633094 
234.142857 233.085714 231.942857 230.657143 228.885714 225.371429 219.800000 216.371429 210.228571 209.371429 214.085714 221.514286 231.600000 236.685714 237.400000 236.200000 
232.048780 233.658537 232.951220 232.414634 231.878049 231.390244 230.097561 229.536585 225.780488 219.829268 204.853659 191.048780 176.487805 171.390244 178.292683 186.829268 
160.689189 160.216216 156.432432 156.378378 152.918919 152.432432 147.932432 142.229730 135.216216 128.459459 114.500000 95.391892 69.459459 57.000000 50.594595 51.418919 
239.753623 241.043478 241.804348 242.188406 242.217391 242.195652 241.340580 241.268116 240.507246 240.413043 240.362319 240.108696 240.434783 240.355072 240.021739 239.659420 
231.320755 230.188679 230.132075 232.660377 232.905660 232.547170 226.641509 221.207547 214.358491 202.396226 195.471698 197.509434 205.132075 210.150943 217.452830 220.811321 
178.952381 178.714286 183.523810 181.476190 175.809524 175.285714 169.428571 133.000000 99.047619 77.285714 66.476190 63.095238 65.238095 65.047619 65.904762 81.428571 
167.043478 214.869565 231.000000 233.652174 231.956522 230.608696 230.478261 231.434783 230.739130 230.739130 233.217391 231.130435 229.782609 228.434783 227.956522 227.086957 
86.258824 91.082353 96.070588 97.470588 103.270588 107.529412 111.517647 109.858824 105.352941 96.294118 85.070588 73.776471 59.635294 53.211765 52.294118 54.541176 
86.581395 84.372093 92.372093 108.000000 113.604651 94.906977 86.813953 77.162791 74.930233 76.395349 77.372093 83.139535 93.558140 113.813953 138.279070 159.674419 
73.966387 72.100840 72.319328 71.941176 72.689076 71.294118 72.235294 75.546218 79.058824 77.882353 82.142857 84.537815 90.310924 91.033613 89.815126 88.932773 
177.685185 176.370370 175.500000 174.981481 175.685185 177.055556 178.111111 178.111111 176.944444 175.629630 175.333333 178.111111 176.129630 184.685185 206.870370 212.796296 
231.166667 215.000000 196.833333 182.333333 211.833333 237.000000 239.166667 231.833333 232.000000 244.166667 246.833333 242.500000 234.333333 218.666667 198.166667 182.666667 
89.673913 104.413043 89.282609 93.086957 93.478261 105.782609 133.978261 146.304348 159.347826 164.869565 170.260870 171.630435 174.065217 173.760870 175.478261 171.434783 
166.761905 164.571429 167.333333 162.523810 161.404762 159.142857 162.761905 152.571429 157.523810 154.642857 149.309524 143.285714 146.880952 139.666667 141.547619 125.428571 
177.300000 155.100000 126.400000 101.800000 75.400000 52.300000 62.300000 104.700000 176.100000 216.100000 227.100000 228.300000 229.000000 229.100000 230.100000 230.700000 
58.406250 78.250000 88.906250 108.500000 110.250000 111.250000 117.312500 132.781250 137.750000 149.843750 168.375000 175.218750 177.937500 175.656250 175.000000 169.125000 
114.042553 119.425532 127.255319 127.829787 125.255319 107.000000 91.702128 63.744681 90.744681 109.744681 117.127660 123.851064 133.829787 132.127660 128.319149 121.659574 
109.919355 106.306452 95.967742 79.483871 68.693548 65.838710 61.806452 63.596774 71.983871 77.532258 78.983871 74.983871 74.709677 72.741935 72.983871 77.064516 
72.309091 75.772727 79.672727 86.090909 82.427273 91.818182 98.881818 103.972727 108.445455 108.500000 105.200000 102.036364 99.263636 99.718182 97.863636 96.818182 
218.461538 226.076923 227.576923 228.961538 227.807692 220.038462 196.423077 160.307692 127.423077 136.384615 105.923077 128.269231 192.730769 214.269231 224.269231 228.192308 
83.438596 82.456140 83.263158 87.163743 86.964912 84.175439 81.807018 82.456140 82.040936 81.081871 80.894737 76.783626 78.146199 76.631579 77.584795 76.005848 
153.363636 160.045455 136.363636 42.181818 38.636364 33.772727 31.636364 30.954545 31.454545 32.772727 33.000000 33.454545 33.954545 34.909091 40.772727 65.772727 
43.787879 44.121212 46.484848 51.212121 76.818182 108.090909 136.272727 151.969697 156.727273 158.515152 150.060606 149.727273 142.818182 138.333333 138.000000 140.848485 
132.702703 154.918919 155.567568 162.810811 161.567568 161.027027 159.783784 148.351351 143.297297 106.864865 83.567568 83.891892 87.216216 91.243243 105.135135 119.594595 
213.659091 203.431818 197.454545 191.818182 189.681818 188.090909 187.681818 186.522727 191.613636 195.045455 197.159091 201.590909 207.318182 209.977273 213.795455 216.909091 
165.641026 168.525641 172.205128 179.089744 184.961538 189.525641 193.179487 195.743590 196.538462 196.025641 194.217949 194.641026 193.217949 188.448718 186.128205 185.794872 
192.363636 177.909091 220.090909 227.909091 236.272727 217.727273 205.363636 163.272727 160.818182 167.545455 173.454545 185.909091 192.818182 197.090909 204.090909 207.000000 
217.061538 211.076923 206.061538 204.169231 201.246154 197.400000 200.492308 205.246154 208.353846 212.446154 217.384615 222.538462 225.630769 228.200000 230.569231 231.753846 
183.084211 182.073684 181.736842 184.063158 189.589474 192.389474 195.515789 198.515789 205.000000 207.042105 205.852632 208.621053 210.000000 210.178947 212.042105 213.473684 
128.630435 132.478261 127.521739 113.565217 94.000000 74.347826 70.152174 82.565217 102.347826 108.869565 111.586957 123.521739 124.521739 119.673913 119.608696 118.108696 
163.727273 164.090909 161.181818 163.772727 155.227273 151.681818 137.636364 135.863636 114.727273 99.863636 101.909091 112.818182 143.545455 158.409091 173.727273 170.636364 
229.972973 231.108108 231.864865 231.945946 232.135135 227.108108 220.216216 207.621622 191.378378 171.324324 162.297297 185.567568 208.405405 219.054054 222.567568 223.891892 
206.746667 206.306667 203.173333 200.693333 193.906667 185.893333 178.506667 173.066667 169.306667 168.746667 170.440000 173.346667 175.826667 179.773333 182.626667 186.986667 
197.218750 198.625000 202.281250 195.781250 190.968750 181.656250 166.562500 147.968750 129.906250 116.281250 114.093750 111.375000 103.781250 101.468750 87.187500 102.437500 
197.492063 197.277778 197.380952 197.015873 198.158730 197.666667 196.523810 196.460317 194.555556 193.563492 193.325397 193.619048 193.460317 193.253968 193.285714 193.134921 
178.634286 177.888571 177.954286 177.920000 177.988571 177.645714 178.171429 178.180000 178.257143 178.491429 178.745714 179.151429 178.711429 178.842857 178.502857 178.371429 
229.523810 231.095238 231.238095 232.904762 233.238095 235.095238 236.619048 236.047619 233.333333 226.857143 192.380952 124.333333 95.761905 83.619048 79.619048 78.238095 
86.266667 83.333333 52.066667 30.533333 28.400000 25.666667 27.533333 31.400000 70.733333 84.800000 85.733333 85.000000 85.600000 81.000000 76.200000 42.200000 
220.352941 221.745098 220.725490 218.725490 216.784314 214.372549 210.196078 205.176471 195.745098 179.431373 151.725490 136.333333 130.764706 124.882353 123.313725 119.960784 
172.250000 171.578947 173.302632 176.434211 182.868421 183.144737 181.697368 188.973684 191.289474 193.868421 205.342105 216.815789 216.855263 226.276316 224.105263 213.776316 
73.600000 116.800000 82.600000 123.600000 101.800000 105.200000 113.400000 99.800000 126.800000 88.800000 137.400000 74.200000 147.200000 80.200000 154.400000 93.400000 
108.023904 107.330677 106.972112 106.848606 107.258964 107.414343 108.067729 108.760956 108.565737 109.888446 111.003984 111.386454 110.609562 108.378486 106.254980 104.864542 
231.736364 232.027273 232.400000 233.100000 234.109091 235.000000 235.381818 235.236364 234.954545 235.018182 236.090909 236.036364 236.509091 236.718182 236.872727 237.136364 
72.483871 77.129032 80.193548 83.483871 100.096774 55.612903 51.677419 55.580645 81.451613 108.387097 126.419355 122.258065 115.322581 86.000000 101.387097 96.096774 
229.724771 229.532110 229.458716 229.211009 230.266055 229.623853 228.853211 229.256881 229.467890 229.899083 229.073394 229.146789 228.311927 226.733945 223.311927 217.788991 
41.140625 40.703125 38.265625 35.281250 34.843750 34.718750 35.984375 37.843750 41.234375 46.171875 51.625000 56.343750 63.484375 68.343750 73.250000 72.968750 
54.200000 44.920000 50.320000 72.760000 135.720000 157.960000 147.760000 143.600000 144.640000 122.200000 115.720000 109.960000 80.720000 56.640000 49.640000 47.360000 
65.560440 68.527473 67.747253 72.406593 79.835165 79.846154 86.010989 81.197802 89.439560 95.736264 103.186813 111.043956 117.000000 119.978022 123.681319 122.021978 
102.626866 104.716418 106.447761 107.268657 112.313433 119.611940 125.940299 133.626866 135.791045 136.388060 135.686567 137.940299 139.850746 139.955224 139.850746 138.208955 
114.944444 124.250000 129.611111 144.888889 138.805556 140.027778 121.972222 135.500000 153.250000 162.250000 166.777778 158.138889 150.055556 137.750000 122.222222 109.888889 
79.205128 81.435897 107.948718 135.230769 165.102564 176.461538 175.897436 177.307692 171.923077 160.641026 123.769231 104.512821 97.897436 92.179487 100.230769 110.820513 
137.176471 143.000000 143.411765 143.764706 170.882353 186.176471 186.294118 185.411765 188.647059 186.235294 184.411765 178.176471 178.470588 159.176471 140.588235 119.941176 
46.069444 45.527778 44.041667 43.833333 42.388889 41.319444 42.319444 43.430556 45.722222 50.222222 58.333333 86.777778 116.319444 147.000000 151.930556 150.125000 
99.944444 91.796296 86.074074 72.296296 64.703704 60.333333 62.888889 66.314815 73.166667 89.407407 93.648148 94.962963 103.407407 111.148148 118.944444 121.944444 
229.222222 226.111111 219.666667 201.777778 172.777778 132.777778 91.666667 72.333333 74.777778 92.555556 129.666667 177.444444 212.555556 225.555556 228.777778 230.222222 
199.800000 201.490000 201.970000 201.380000 201.150000 205.200000 205.530000 205.530000 208.320000 209.150000 208.390000 208.840000 210.900000 211.650000 210.650000 210.290000 
220.729858 221.260664 221.094787 221.175355 221.502370 220.800948 220.327014 220.985782 220.985782 221.260664 221.601896 221.905213 221.914692 221.985782 222.445498 222.431280 
210.859375 215.734375 218.906250 220.906250 223.968750 225.265625 227.062500 229.093750 231.187500 231.500000 232.578125 233.046875 233.281250 232.468750 231.484375 229.843750 
226.162281 226.464912 226.837719 226.938596 226.697368 226.811404 226.728070 226.978070 227.087719 227.000000 226.833333 226.644737 226.552632 226.622807 226.951754 226.947368 
93.474576 142.186441 158.118644 157.067797 153.067797 152.355932 151.152542 151.271186 152.677966 151.864407 150.559322 150.220339 153.508475 150.898305 148.050847 147.915254 
65.576923 65.365385 63.423077 105.980769 88.711538 79.096154 56.057692 50.346154 47.307692 46.576923 46.923077 47.403846 48.653846 49.461538 63.288462 61.846154 
157.148148 138.814815 107.092593 101.944444 103.148148 112.240741 109.907407 101.148148 101.814815 104.759259 99.833333 99.740741 101.370370 106.666667 99.592593 92.203704 
173.400000 172.066667 165.333333 161.133333 179.000000 217.933333 190.400000 175.533333 184.466667 228.933333 238.200000 198.733333 221.000000 216.200000 178.133333 179.600000 
163.060606 163.030303 158.696970 158.409091 155.030303 151.333333 149.409091 145.954545 140.681818 137.060606 127.924242 124.772727 116.575758 105.742424 101.348485 94.969697 
237.482759 241.396552 241.689655 237.827586 237.758621 240.965517 238.000000 234.120690 226.413793 221.655172 215.275862 208.327586 201.862069 200.482759 197.965517 203.362069 
168.153846 161.230769 106.884615 65.153846 59.269231 58.807692 60.153846 53.692308 50.807692 51.692308 53.076923 60.038462 54.500000 57.192308 55.884615 54.961538 
189.277778 176.944444 81.888889 60.333333 52.500000 50.111111 55.611111 82.333333 99.777778 82.944444 91.222222 95.944444 101.611111 88.500000 93.777778 101.666667 
42.500000 40.521739 42.413043 40.282609 41.217391 43.500000 45.108696 49.760870 66.695652 102.891304 130.891304 143.500000 145.043478 143.652174 146.173913 144.586957 
118.888889 104.916667 111.472222 114.361111 127.500000 99.333333 90.333333 68.722222 74.222222 81.111111 86.027778 86.277778 103.888889 113.666667 112.138889 111.750000 
161.870968 162.387097 161.811828 161.209677 161.983871 161.478495 161.956989 163.134409 163.424731 164.091398 163.204301 163.107527 163.564516 162.086022 162.801075 162.048387 
232.129032 233.645161 234.935484 234.483871 232.774194 232.838710 230.516129 227.806452 223.838710 218.032258 204.064516 182.612903 149.935484 132.516129 128.870968 134.322581 
150.714286 152.178571 151.232143 149.732143 149.321429 149.000000 148.714286 147.821429 146.535714 146.982143 151.017857 156.517857 165.839286 173.660714 178.750000 183.607143 
125.508772 170.210526 176.087719 176.228070 176.333333 176.543860 175.894737 175.824561 175.719298 176.736842 177.526316 178.000000 178.175439 179.368421 179.491228 179.035088 
167.571429 152.333333 140.619048 153.238095 156.952381 160.380952 157.238095 161.380952 164.190476 152.285714 174.000000 146.047619 152.857143 169.523810 128.095238 169.714286 
124.745455 126.872727 122.618182 57.272727 32.872727 28.090909 27.600000 27.254545 26.727273 26.654545 27.327273 27.654545 27.563636 28.472727 30.890909 51.690909 
47.170732 45.256098 42.707317 43.329268 46.195122 54.158537 66.841463 87.682927 97.951220 91.560976 94.134146 98.743902 100.658537 97.439024 96.182927 100.073171 
232.812500 226.937500 215.500000 187.875000 162.500000 162.375000 178.250000 186.437500 195.625000 213.687500 231.812500 236.812500 237.812500 240.875000 242.000000 241.500000 
48.058824 47.352941 48.000000 50.058824 56.882353 76.294118 88.647059 121.882353 141.176471 135.764706 137.294118 141.058824 117.235294 84.470588 60.294118 52.705882 
231.762500 231.337500 231.175000 231.329167 232.016667 232.320833 232.120833 231.650000 231.587500 231.933333 232.608333 232.920833 232.479167 231.995833 232.087500 232.779167 
126.366667 136.766667 135.633333 136.650000 132.600000 142.966667 134.066667 135.366667 134.150000 120.150000 129.516667 121.250000 112.216667 89.300000 74.366667 69.783333 
158.076923 158.076923 148.307692 141.769231 156.615385 175.230769 200.000000 204.846154 219.307692 193.538462 193.538462 201.230769 190.769231 216.000000 202.307692 152.076923 
114.527778 104.000000 90.194444 87.138889 90.777778 100.750000 110.833333 101.416667 106.722222 119.694444 125.194444 138.194444 145.666667 151.166667 154.055556 158.111111 
229.000000 185.125000 199.750000 233.250000 224.500000 230.000000 231.125000 242.625000 240.500000 239.000000 232.500000 222.250000 209.375000 196.250000 189.375000 194.375000 
190.861111 191.027778 192.138889 195.055556 192.333333 194.972222 195.583333 196.222222 197.972222 198.055556 199.916667 201.277778 194.416667 188.972222 183.388889 136.500000 
234.161905 234.495238 234.561905 233.219048 231.809524 229.923810 227.552381 225.285714 222.819048 221.285714 219.638095 217.533333 215.742857 216.009524 218.904762 220.704762 
234.282051 236.282051 236.512821 237.102564 235.410256 235.410256 236.179487 235.846154 236.794872 235.897436 235.948718 233.076923 234.512821 229.461538 211.512821 186.025641 
192.054054 186.216216 189.648649 182.783784 169.864865 150.378378 116.540541 79.297297 66.918919 65.540541 67.675676 75.594595 86.783784 87.621622 97.162162 110.837838 
223.915888 224.056075 225.084112 225.728972 224.196262 224.028037 224.775701 223.813084 222.635514 222.392523 222.728972 220.831776 219.112150 216.925234 212.766355 209.401869 
141.000000 132.111111 119.222222 115.555556 123.611111 122.888889 114.388889 110.277778 114.555556 116.833333 114.333333 128.555556 148.722222 169.833333 192.388889 197.611111 
45.155172 40.741379 43.603448 50.931034 83.448276 116.879310 120.862069 118.724138 119.310345 117.706897 115.655172 115.103448 113.793103 114.672414 116.224138 118.948276 
84.227273 87.636364 87.954545 120.000000 176.454545 228.409091 233.318182 232.500000 227.818182 206.409091 154.090909 88.681818 65.090909 73.136364 89.000000 125.681818 
143.770833 134.895833 133.625000 123.500000 121.625000 107.125000 98.666667 81.562500 76.875000 67.354167 61.854167 57.479167 55.312500 53.187500 50.291667 50.437500 
70.159091 68.886364 72.590909 77.522727 89.727273 100.272727 99.954545 97.318182 97.181818 85.931818 68.568182 59.136364 56.181818 56.431818 57.363636 82.977273 
51.277027 49.371622 48.986486 48.310811 47.263514 46.256757 45.641892 45.290541 46.209459 46.587838 47.777027 48.148649 49.635135 49.277027 49.621622 52.027027 
140.714286 147.523810 145.428571 133.904762 118.761905 105.714286 116.666667 138.666667 153.095238 160.666667 164.142857 177.809524 187.333333 182.571429 178.428571 166.095238 
216.661017 216.508475 215.305085 216.644068 217.423729 218.406780 219.101695 222.491525 224.949153 226.881356 229.372881 231.389831 232.406780 234.677966 236.186441 236.898305 
247.346939 248.244898 247.530612 246.693878 245.040816 244.714286 243.000000 239.673469 235.102041 231.142857 227.979592 220.897959 220.857143 221.938776 222.877551 221.081633 
196.973684 191.210526 159.289474 109.789474 94.736842 88.684211 87.342105 87.684211 88.473684 88.342105 90.342105 90.421053 88.684211 87.947368 87.578947 89.157895 
169.888889 221.555556 236.555556 200.666667 243.888889 237.000000 219.111111 253.333333 255.000000 255.000000 254.888889 255.000000 255.000000 254.555556 250.222222 244.666667 
108.428571 72.285714 66.000000 77.214286 103.357143 94.285714 102.071429 139.500000 190.714286 209.714286 212.928571 217.642857 217.785714 217.214286 215.428571 207.142857 
157.357143 159.785714 168.214286 168.642857 172.000000 186.785714 189.142857 186.000000 177.928571 146.428571 130.071429 117.428571 138.642857 159.071429 167.285714 168.571429 
233.739130 228.826087 218.478261 202.000000 185.695652 176.782609 172.652174 173.608696 180.173913 188.217391 191.304348 193.478261 199.000000 202.695652 204.347826 205.913043 
138.816456 142.329114 142.620253 138.784810 138.310127 140.462025 141.544304 139.968354 138.854430 135.506329 134.506329 134.063291 134.449367 132.012658 130.069620 130.898734 
99.030303 122.363636 182.393939 189.939394 192.727273 193.030303 179.484848 201.030303 210.212121 213.515152 210.696970 197.272727 176.090909 153.454545 136.606061 117.575758 
68.271186 69.627119 77.118644 79.016949 84.440678 90.271186 86.474576 68.050847 46.830508 35.593220 31.186441 30.440678 31.491525 31.355932 32.813559 34.033898 
105.321168 105.401460 107.408759 109.591241 105.970803 97.649635 94.671533 92.642336 88.897810 90.335766 86.948905 85.875912 81.445255 81.467153 80.744526 83.927007 
135.771930 171.900585 172.292398 172.099415 172.497076 172.444444 171.754386 171.824561 171.906433 171.894737 172.701754 173.239766 173.526316 174.549708 175.163743 174.707602 
