151.878431 150.003922 150.262745 150.247059 151.145098 149.596078 150.901961 150.866667 152.870588 151.662745 149.800000 148.458824 146.615686 148.780392 148.509804 148.094118 
79.957895 82.326316 81.284211 92.063158 80.905263 74.368421 58.252632 48.136842 41.273684 38.600000 37.084211 36.557895 37.189474 38.315789 40.936842 42.894737 
193.963636 197.054545 198.454545 193.890909 188.181818 184.363636 173.872727 158.745455 130.872727 103.800000 83.145455 75.763636 77.909091 86.181818 91.563636 111.236364 
206.254237 204.796610 204.525424 205.101695 203.915254 202.745763 203.559322 203.254237 201.237288 199.474576 195.593220 188.271186 182.254237 176.677966 169.813559 142.661017 
231.716312 231.716312 231.734043 231.790780 232.315603 232.890071 232.843972 232.333333 232.468085 232.829787 233.450355 233.634752 233.351064 233.269504 233.361702 233.695035 
232.919355 232.887097 231.887097 228.887097 227.903226 227.129032 229.548387 232.306452 234.322581 235.016129 235.725806 235.112903 234.854839 229.645161 212.532258 197.096774 
112.240909 109.259091 107.118182 104.981818 101.836364 97.331818 95.595455 92.300000 87.786364 89.618182 86.450000 85.086364 83.645455 84.677273 84.918182 87.463636 
66.948052 64.532468 59.870130 69.610390 78.415584 81.961039 89.233766 85.311688 110.272727 127.597403 140.142857 151.870130 152.207792 154.337662 155.207792 148.363636 
212.026239 212.571429 212.673469 212.690962 212.338192 211.985423 212.224490 211.897959 211.953353 211.988338 211.892128 212.183673 212.542274 212.542274 212.562682 212.483965 
221.884058 221.840580 221.188406 219.753623 216.985507 213.913043 209.000000 203.086957 194.942029 182.637681 157.072464 139.884058 133.246377 128.289855 127.289855 125.144928 
120.372881 117.372881 110.135593 120.118644 124.542373 124.101695 124.474576 121.576271 112.016949 114.711864 125.203390 169.050847 197.491525 201.796610 203.983051 205.474576 
82.016807 80.823529 88.932773 95.344538 104.361345 108.529412 106.915966 109.949580 111.714286 96.605042 81.873950 73.521008 60.941176 53.058824 52.655462 54.521008 
54.439394 52.742424 51.318182 53.742424 64.681818 85.181818 105.060606 113.469697 112.560606 102.136364 96.803030 83.045455 71.121212 66.378788 58.954545 55.515152 
184.354430 185.481013 182.316456 181.253165 177.025316 180.518987 178.126582 176.987342 166.607595 166.341772 161.000000 158.936709 152.126582 149.202532 146.050633 150.240506 
205.537791 204.930233 204.909884 205.005814 204.433140 204.729651 204.569767 204.325581 205.203488 205.584302 205.409884 205.386628 206.209302 206.575581 206.430233 205.941860 
221.097222 216.250000 210.527778 204.791667 197.347222 192.763889 198.680556 205.986111 211.416667 217.986111 224.541667 230.527778 233.111111 234.194444 234.500000 235.541667 
53.449541 51.495413 50.738532 50.766055 50.059633 49.220183 47.651376 46.857798 46.201835 47.298165 48.151376 47.880734 47.357798 46.532110 47.467890 49.220183 
171.265823 171.126582 175.822785 164.734177 154.278481 129.101266 100.000000 74.556962 64.556962 64.379747 68.860759 75.405063 86.924051 94.025316 97.784810 106.924051 
228.828571 227.371429 234.442857 233.142857 228.514286 218.642857 199.371429 182.071429 174.371429 174.514286 177.014286 178.657143 182.485714 184.714286 188.085714 188.042857 
82.142857 58.071429 36.428571 30.500000 31.285714 34.357143 64.928571 87.285714 81.214286 37.500000 31.142857 27.785714 28.785714 31.071429 65.714286 84.000000 
97.304348 92.347826 92.413043 107.956522 132.695652 173.673913 199.891304 211.152174 215.804348 218.239130 218.347826 218.326087 219.521739 218.739130 215.282609 212.217391 
178.258065 181.048387 176.677419 165.870968 144.435484 125.870968 114.096774 120.532258 128.483871 138.564516 145.403226 155.274194 167.354839 174.129032 175.451613 174.596774 
58.335938 56.449219 56.187500 58.507813 57.875000 57.054688 60.183594 58.449219 58.519531 59.042969 58.429688 57.902344 57.281250 55.968750 59.359375 58.699219 
210.269231 208.682692 204.798077 200.307692 192.346154 183.038462 176.432692 172.278846 170.721154 171.336538 173.240385 175.673077 177.509615 181.067308 184.384615 187.846154 
101.033898 107.203390 122.050847 138.372881 167.661017 181.423729 183.813559 183.254237 187.440678 187.033898 185.101695 186.152542 185.254237 182.525424 171.372881 161.016949 
75.135135 78.468468 83.117117 95.864865 115.000000 129.387387 133.801802 139.387387 140.540541 138.603604 135.531532 130.630631 118.810811 121.711712 136.081081 133.621622 
221.185714 215.500000 223.271429 225.557143 226.571429 230.742857 237.128571 241.557143 242.900000 244.014286 245.485714 246.014286 246.028571 246.314286 246.042857 244.085714 
107.641791 115.253731 150.940299 185.641791 179.985075 196.402985 198.552239 215.880597 223.910448 225.402985 225.701493 225.925373 226.029851 226.731343 225.656716 225.149254 
179.361174 178.255079 177.751693 176.875847 177.067720 176.602709 176.832957 176.559819 176.988713 177.444695 177.117381 177.670429 177.227991 177.620767 178.334086 178.790068 
193.653846 183.692308 163.307692 132.076923 119.826923 115.115385 113.500000 111.865385 121.211538 158.538462 194.557692 205.730769 208.576923 207.500000 211.384615 214.538462 
220.144578 229.722892 240.108434 239.795181 244.590361 246.674699 247.566265 247.638554 248.192771 247.795181 247.530120 245.084337 246.036145 243.325301 239.662651 238.879518 
225.810811 227.756757 227.716216 223.635135 217.891892 211.364865 206.108108 201.297297 203.824324 206.500000 208.432432 211.770270 218.000000 221.783784 221.364865 222.297297 
245.852632 246.715789 246.526316 245.578947 244.452632 243.663158 242.315789 239.926316 236.389474 233.578947 230.431579 224.021053 222.010526 221.494737 221.505263 220.894737 
68.078125 66.078125 65.958333 64.994792 65.541667 65.953125 68.828125 69.828125 70.973958 70.937500 74.437500 76.343750 80.244792 81.182292 81.333333 78.489583 
113.306569 118.671533 127.189781 136.671533 138.744526 138.087591 140.072993 145.248175 149.686131 152.007299 152.525547 152.284672 150.372263 154.131387 147.795620 140.708029 
163.207207 162.351351 166.108108 169.954955 175.918919 189.711712 188.243243 193.630631 199.936937 204.477477 210.387387 211.270270 212.045045 218.639640 208.855856 198.720721 
244.301587 247.000000 247.063492 248.174603 249.492063 248.650794 249.095238 248.936508 248.444444 247.015873 245.222222 243.079365 234.984127 227.142857 221.761905 217.380952 
46.296296 43.185185 44.296296 41.796296 42.388889 44.629630 47.148148 55.592593 74.574074 110.796296 136.092593 146.925926 148.148148 146.537037 146.388889 141.814815 
245.550336 245.825503 246.382550 246.825503 247.295302 247.838926 248.208054 248.610738 248.489933 248.463087 248.248322 247.912752 247.711409 247.187919 246.456376 244.442953 
67.800000 72.600000 98.500000 129.100000 145.100000 148.666667 142.700000 122.466667 96.666667 65.833333 50.233333 43.633333 47.533333 53.133333 51.366667 56.633333 
67.247619 66.066667 69.057143 74.742857 81.647619 84.666667 85.514286 77.409524 65.419048 54.085714 44.342857 38.933333 36.971429 36.752381 38.838095 40.209524 
183.383562 177.671233 132.027397 88.575342 74.219178 68.986301 67.410959 74.821918 79.808219 79.150685 83.205479 85.150685 96.835616 100.041096 96.808219 95.219178 
226.518868 225.603774 223.886792 222.028302 221.018868 218.500000 216.462264 217.867925 219.160377 221.556604 226.952830 231.603774 234.150943 235.311321 235.849057 234.132075 
190.474576 185.406780 188.084746 196.762712 209.406780 223.118644 230.796610 235.508475 235.355932 236.118644 239.508475 240.779661 240.288136 241.355932 240.627119 238.474576 
133.857143 131.529412 130.873950 128.050420 125.428571 121.201681 115.176471 104.386555 85.378151 75.563025 69.067227 62.890756 59.991597 59.159664 57.957983 58.991597 
80.214286 70.619048 63.976190 66.404762 68.261905 70.357143 73.166667 86.357143 119.952381 141.214286 163.690476 170.285714 155.523810 116.095238 82.976190 77.142857 
186.549020 182.000000 157.235294 120.941176 116.137255 103.470588 112.882353 134.254902 120.725490 117.686275 122.176471 123.000000 116.666667 101.254902 88.745098 95.392157 
166.666667 200.722222 226.722222 231.444444 229.166667 219.277778 196.388889 159.277778 116.444444 89.333333 89.500000 104.722222 140.944444 180.555556 212.166667 227.222222 
205.666667 207.228395 207.802469 208.308642 209.938272 213.037037 215.537037 217.716049 219.623457 221.401235 221.574074 222.549383 224.104938 224.314815 224.043210 225.154321 
231.711111 233.088889 234.022222 235.355556 236.444444 238.600000 238.733333 235.244444 226.577778 205.844444 129.933333 80.400000 77.288889 66.377778 65.555556 66.311111 
201.239130 202.000000 191.695652 175.717391 160.195652 154.934783 153.782609 172.891304 200.304348 215.521739 226.304348 230.043478 230.478261 230.173913 230.826087 231.260870 
192.352941 178.588235 157.450980 147.294118 170.450980 194.803922 210.176471 221.215686 231.215686 237.078431 236.274510 237.098039 238.764706 239.039216 237.666667 238.431373 
92.596685 94.428177 95.720994 97.544199 97.604972 100.707182 101.759669 102.566298 101.679558 100.165746 99.552486 99.240331 99.958564 100.406077 101.187845 100.107735 
232.013333 231.880000 231.160000 232.400000 232.253333 231.186667 228.986667 224.933333 215.400000 199.466667 185.693333 179.213333 172.853333 177.666667 187.266667 193.733333 
101.666667 120.800000 172.022222 182.422222 184.800000 187.044444 176.933333 196.866667 209.844444 212.444444 209.377778 197.933333 178.844444 145.888889 125.422222 109.355556 
99.397590 94.626506 85.650602 75.397590 63.578313 54.831325 50.084337 47.132530 46.156627 48.686747 58.638554 65.120482 72.831325 77.192771 81.746988 84.168675 
235.814815 235.000000 230.518519 222.666667 212.500000 198.407407 185.351852 174.518519 172.296296 185.981481 206.888889 219.259259 225.444444 229.000000 231.629630 234.407407 
115.727273 122.012987 121.844156 123.142857 120.311688 125.246753 124.155844 129.441558 138.077922 136.285714 157.740260 163.909091 154.883117 121.727273 101.311688 88.155844 
107.028369 150.907801 160.148936 159.560284 158.432624 158.531915 158.035461 158.553191 158.354610 157.411348 154.971631 155.262411 158.092199 155.489362 154.014184 153.390071 
106.045802 101.664122 101.000000 100.473282 102.198473 101.442748 107.259542 107.633588 114.137405 114.610687 122.633588 130.633588 136.992366 141.977099 139.633588 140.320611 
223.417266 223.402878 223.275779 223.908873 223.911271 223.829736 223.616307 223.527578 223.410072 223.477218 224.002398 223.932854 223.712230 223.304556 222.916067 222.376499 
176.801653 180.239669 187.553719 199.330579 204.917355 207.528926 207.595041 209.181818 210.115702 213.016529 216.785124 219.909091 222.115702 224.314050 226.148760 227.322314 
209.515152 207.651515 214.439394 223.590909 225.742424 229.484848 231.636364 234.287879 234.333333 233.333333 228.984848 221.909091 215.227273 208.590909 203.242424 203.575758 
154.440000 133.200000 74.613333 54.186667 50.480000 52.173333 53.000000 50.853333 48.800000 48.533333 50.413333 52.906667 48.693333 50.546667 49.026667 49.200000 
198.165000 197.495000 197.955000 197.755000 198.940000 197.460000 196.925000 195.620000 194.445000 194.405000 194.890000 195.780000 195.855000 195.535000 195.930000 196.085000 
126.613861 128.693069 128.792079 120.762376 108.623762 91.207921 82.207921 72.178218 94.356436 107.584158 113.009901 121.415842 127.564356 126.495050 125.683168 123.267327 
114.605150 111.369099 109.064378 108.268240 108.356223 108.637339 109.304721 108.896996 108.167382 108.148069 107.933476 106.929185 107.630901 106.789700 107.047210 106.778970 
55.337349 60.421687 80.060241 112.987952 136.361446 147.493976 156.951807 159.289157 157.843373 159.156627 156.686747 154.072289 155.722892 151.674699 147.277108 143.409639 
226.345238 232.130952 236.154762 238.142857 237.559524 238.559524 239.023810 240.130952 239.250000 239.714286 239.452381 237.892857 233.238095 229.107143 225.119048 226.000000 
198.328125 195.421875 193.843750 194.625000 108.578125 189.234375 197.234375 196.140625 193.828125 195.171875 197.343750 198.968750 198.828125 199.890625 199.750000 198.296875 
78.407895 88.828947 111.723684 142.315789 178.434211 192.315789 192.592105 191.855263 183.907895 166.000000 127.921053 99.907895 87.986842 86.250000 102.710526 119.710526 
233.676259 234.669065 234.956835 234.230216 231.453237 229.798561 227.928058 225.719424 223.064748 220.978417 220.100719 218.093525 216.258993 213.690647 210.525180 209.625899 
70.497143 71.411429 73.382857 78.302857 83.525714 84.051429 90.782857 92.222857 102.074286 105.565714 108.400000 111.937143 117.068571 119.234286 119.331429 119.645714 
233.196078 230.078431 229.274510 232.000000 138.274510 228.039216 234.333333 235.117647 235.098039 236.117647 236.764706 235.784314 229.313725 208.117647 124.137255 83.450980 
113.892308 115.474359 116.858974 118.423077 118.641026 119.933333 119.094872 120.976923 118.771795 120.520513 117.661538 119.723077 117.789744 119.433333 117.956410 118.371795 
219.711340 219.804124 218.731959 217.690722 217.567010 217.659794 216.402062 216.567010 216.608247 216.164948 214.288660 211.432990 207.463918 202.082474 195.453608 179.907216 
147.041667 160.395833 162.916667 165.375000 164.479167 162.406250 158.322917 155.729167 150.520833 144.385417 130.479167 113.250000 104.208333 98.125000 96.875000 100.604167 
43.421569 42.509804 44.519608 49.647059 73.166667 104.274510 118.931373 129.107843 132.323529 133.421569 128.578431 126.509804 115.127451 119.176471 123.156863 121.264706 
229.712551 229.784076 230.082321 230.422402 230.500675 230.160594 229.856950 229.878543 229.943320 230.139001 230.147099 229.973009 229.893387 230.075574 230.391363 230.520918 
239.560241 241.409639 242.144578 242.578313 242.421687 242.138554 241.367470 241.265060 240.096386 240.373494 240.415663 239.512048 239.481928 239.253012 237.740964 237.355422 
93.586957 88.119565 82.402174 73.380435 76.054348 61.521739 62.836957 64.239130 75.434783 89.956522 102.826087 112.771739 114.195652 107.684783 110.750000 104.402174 
47.811321 46.132075 43.915094 44.273585 47.113208 54.188679 66.490566 86.669811 97.188679 92.292453 94.509434 98.943396 101.613208 98.566038 94.773585 101.150943 
181.312500 182.697917 182.088542 182.656250 185.276042 186.500000 187.718750 188.317708 188.234375 189.437500 191.000000 191.473958 190.020833 187.567708 185.515625 183.796875 
136.429448 137.730061 139.809816 140.595092 133.435583 134.208589 119.515337 120.570552 111.895706 112.711656 109.981595 110.576687 108.748466 107.355828 101.693252 102.239264 
85.497797 83.687225 82.850220 82.312775 81.788546 77.748899 74.731278 73.594714 72.453744 71.211454 68.215859 65.255507 63.167401 61.916300 61.603524 67.466960 
155.690141 155.408451 143.929577 136.126761 141.380282 150.619718 166.901408 177.112676 183.746479 189.661972 194.521127 195.408451 196.352113 194.140845 194.154930 196.676056 
122.530612 140.673469 145.724490 146.102041 148.377551 148.357143 145.295918 139.418367 133.806122 101.744898 70.255102 61.040816 58.989796 64.846939 72.530612 80.112245 
200.504202 212.210084 217.647059 221.924370 224.327731 225.873950 227.554622 230.016807 231.705882 232.588235 233.647059 234.067227 235.151261 234.899160 235.042017 234.352941 
115.142857 97.464286 94.107143 101.714286 98.392857 69.428571 68.357143 104.571429 159.321429 206.892857 223.714286 227.321429 228.214286 228.392857 228.392857 226.142857 
134.186667 138.240000 128.960000 55.800000 36.946667 30.360000 29.053333 28.706667 28.320000 28.706667 29.320000 29.640000 29.813333 30.586667 34.080000 55.386667 
87.185185 91.000000 78.370370 89.444444 82.777778 59.148148 56.000000 57.481481 60.000000 68.222222 76.777778 91.814815 117.962963 157.925926 181.000000 186.629630 
230.413793 233.448276 234.689655 236.655172 237.379310 237.206897 238.000000 238.275862 237.586207 236.034483 235.448276 233.620690 229.482759 213.586207 181.241379 144.241379 
207.617021 209.361702 206.000000 198.361702 188.872340 172.191489 148.893617 134.382979 132.191489 131.957447 141.063830 140.361702 135.234043 128.297872 120.787234 124.617021 
234.531915 235.382979 235.276596 235.595745 235.276596 234.148936 231.638298 231.361702 230.297872 226.148936 218.680851 202.255319 169.553191 136.978723 121.659574 130.702128 
125.549242 125.996212 126.821970 125.647727 126.920455 127.064394 125.613636 127.250000 127.287879 127.780303 126.473485 127.943182 129.306818 131.416667 132.136364 133.212121 
160.540000 160.125714 159.380000 159.325714 160.048571 159.405714 159.717143 160.837143 160.222857 160.648571 161.600000 161.237143 162.337143 163.662857 165.057143 164.937143 
168.717949 209.692308 232.538462 230.410256 237.410256 238.923077 234.846154 248.051282 248.897436 249.589744 249.256410 247.384615 249.871795 248.076923 246.102564 244.358974 
229.554455 230.594059 231.178218 231.980198 231.752475 232.336634 233.118812 233.524752 235.425743 236.435644 239.128713 241.128713 242.000000 242.841584 242.524752 242.475248 
54.459016 49.885246 50.950820 52.704918 52.557377 46.770492 45.196721 45.180328 45.114754 46.426230 49.409836 48.754098 54.049180 73.196721 111.934426 142.770492 
187.576642 186.204380 184.627737 184.729927 188.788321 190.043796 193.941606 197.299270 203.547445 205.357664 205.912409 208.014599 211.138686 210.846715 212.452555 213.649635 
230.295455 230.772727 231.545455 232.000000 232.045455 227.545455 220.750000 208.250000 191.863636 171.272727 161.431818 182.159091 206.522727 217.681818 221.090909 222.613636 
92.294118 92.512605 81.025210 59.285714 45.983193 43.445378 42.100840 39.815126 39.058824 39.638655 38.966387 39.932773 39.226891 38.966387 39.991597 45.142857 
218.883784 219.105405 218.956757 218.629730 218.521622 218.624324 218.867568 218.505405 218.759459 218.635135 218.427027 218.421622 218.375676 218.097297 217.605405 216.954054 
232.927711 235.132530 235.457831 234.000000 234.132530 236.903614 236.939759 235.493976 230.903614 228.144578 222.180723 212.590361 198.951807 185.421687 184.012048 191.277108 
117.220000 119.100000 114.000000 116.670000 119.060000 122.800000 119.870000 110.310000 114.130000 120.930000 112.220000 101.210000 91.120000 79.750000 68.740000 61.020000 
226.899010 227.015842 227.548515 227.683168 227.720792 227.700990 227.453465 227.728713 227.786139 227.851485 227.564356 227.239604 227.110891 226.920792 226.600000 225.712871 
41.522222 40.277778 39.166667 37.955556 37.577778 38.488889 39.800000 41.200000 44.355556 51.322222 63.511111 89.733333 112.477778 136.877778 138.455556 134.711111 
43.168675 41.945783 39.259036 34.385542 33.855422 33.445783 33.457831 34.295181 34.084337 34.403614 33.813253 33.807229 35.674699 35.126506 36.337349 42.054217 
192.854167 191.645833 190.916667 194.583333 116.250000 191.687500 197.375000 197.750000 198.479167 197.270833 194.104167 185.104167 159.979167 121.395833 111.437500 113.916667 
222.524272 219.669903 217.708738 219.359223 125.970874 214.135922 222.475728 222.572816 221.601942 221.349515 221.650485 222.873786 223.504854 223.563107 222.941748 222.970874 
184.764706 186.014706 186.911765 192.294118 198.000000 195.176471 181.794118 167.338235 130.500000 161.632353 117.441176 143.823529 225.338235 229.544118 231.029412 231.279412 
230.712500 231.175000 230.425000 231.500000 233.262500 232.337500 228.237500 222.962500 217.837500 209.650000 201.962500 200.312500 204.237500 211.362500 220.912500 224.975000 
180.715517 178.681034 179.818966 182.637931 179.206897 174.250000 176.163793 174.163793 172.896552 173.974138 176.232759 186.982759 202.939655 212.948276 217.387931 220.784483 
129.369906 166.940439 172.103448 172.166144 173.031348 174.351097 173.943574 175.163009 175.354232 174.993730 175.034483 174.639498 175.344828 175.266458 175.877743 174.699060 
229.000000 225.658824 218.835294 215.494118 210.541176 206.282353 204.517647 202.764706 201.588235 199.682353 196.364706 194.823529 193.364706 194.317647 195.470588 196.105882 
153.438095 156.057143 153.628571 151.123810 151.476190 152.590476 150.457143 148.238095 140.447619 131.914286 122.361905 101.266667 77.761905 59.857143 53.628571 55.609524 
45.141509 43.773585 41.311321 39.113208 39.198113 38.858491 39.962264 41.603774 44.566038 46.650943 52.273585 58.773585 66.433962 70.650943 75.132075 77.377358 
75.444444 73.622222 75.822222 89.022222 123.577778 173.311111 183.466667 185.533333 185.711111 179.866667 165.022222 97.666667 63.822222 55.755556 56.911111 62.488889 
102.347222 93.250000 101.888889 109.097222 119.472222 101.541667 92.958333 77.402778 77.555556 79.402778 81.708333 84.763889 98.000000 111.902778 125.458333 138.763889 
150.708333 125.083333 155.958333 117.541667 157.666667 108.458333 156.708333 101.125000 147.125000 97.791667 132.791667 98.791667 118.208333 91.958333 117.875000 81.750000 
105.837209 116.209302 86.465116 87.348837 68.232558 67.674419 73.720930 88.395349 112.674419 135.953488 164.697674 177.604651 184.930233 183.767442 183.906977 177.627907 
126.294643 126.196429 127.848214 122.116071 111.491071 92.669643 75.419643 59.142857 53.098214 48.098214 45.616071 45.071429 46.857143 50.401786 55.919643 63.187500 
144.913793 146.064655 142.456897 139.081897 138.150862 140.685345 141.107759 137.396552 138.064655 137.426724 137.534483 136.715517 134.896552 132.711207 132.913793 134.504310 
83.620339 83.637288 84.142373 85.579661 84.277966 82.877966 82.413559 83.830508 87.440678 87.410169 86.993220 83.806780 85.250847 84.237288 85.166102 86.122034 
62.000000 59.203390 50.254237 42.881356 44.271186 41.898305 47.525424 57.406780 77.898305 98.152542 95.220339 81.203390 71.423729 67.101695 62.474576 52.220339 
158.292453 163.839623 166.886792 167.915094 167.056604 169.037736 169.915094 172.905660 174.924528 172.556604 164.132075 154.235849 140.716981 120.405660 106.679245 99.320755 
90.628319 97.796460 95.000000 99.867257 103.699115 111.513274 134.982301 148.221239 158.699115 166.743363 174.504425 177.769912 178.256637 175.982301 173.292035 164.008850 
140.037736 150.716981 152.716981 155.528302 153.962264 152.207547 145.981132 137.188679 124.547170 90.886792 82.433962 94.830189 115.075472 133.113208 141.622642 137.358491 
