229.727273 227.909091 228.181818 230.454545 230.363636 228.818182 228.727273 228.909091 226.181818 224.909091 223.000000 214.454545 205.818182 151.636364 126.000000 172.636364 
232.705882 233.588235 232.117647 232.588235 232.176471 231.941176 234.941176 235.352941 235.000000 235.176471 237.058824 233.705882 229.823529 208.000000 180.058824 179.294118 
48.153846 45.576923 45.423077 43.923077 47.961538 48.961538 59.000000 77.192308 88.538462 104.923077 100.538462 78.384615 70.692308 65.961538 58.807692 56.000000 
108.153846 131.000000 117.923077 139.461538 129.615385 153.076923 137.076923 155.769231 158.076923 165.076923 166.769231 163.230769 167.307692 144.846154 123.769231 99.615385 
178.428571 164.000000 85.571429 54.000000 45.571429 42.857143 48.428571 63.571429 79.428571 64.857143 79.285714 85.857143 74.714286 71.714286 78.142857 98.857143 
79.363636 80.757576 81.893939 86.181818 92.681818 97.545455 105.045455 113.136364 120.954545 124.848485 127.984848 128.287879 126.909091 125.772727 121.287879 120.848485 
112.829268 110.829268 105.536585 116.463415 120.463415 120.463415 122.707317 122.902439 109.902439 110.268293 114.682927 170.292683 202.975610 205.512195 205.439024 206.390244 
77.108696 76.521739 85.195652 105.717391 123.282609 127.543478 132.760870 137.695652 141.826087 136.434783 135.760870 133.043478 129.956522 121.826087 125.891304 119.739130 
52.333333 113.000000 178.333333 119.666667 48.333333 45.666667 51.000000 57.333333 112.333333 137.333333 70.666667 51.333333 61.333333 101.666667 125.000000 91.000000 
215.769231 205.692308 207.307692 206.384615 207.923077 202.692308 190.769231 186.076923 191.846154 198.692308 200.923077 205.384615 217.000000 219.076923 220.692308 223.461538 
170.200000 169.200000 169.200000 171.000000 181.600000 181.200000 180.600000 201.600000 224.600000 175.900000 184.900000 217.400000 191.900000 242.800000 222.400000 169.800000 
171.384615 221.230769 238.923077 212.153846 235.307692 236.923077 220.000000 253.076923 254.692308 254.923077 254.923077 255.000000 255.000000 254.461538 250.923077 246.461538 
59.062500 62.500000 96.250000 137.062500 147.500000 143.750000 143.625000 135.937500 102.187500 72.687500 50.437500 38.687500 38.875000 40.062500 42.687500 48.750000 
229.630769 229.984615 230.830769 230.923077 230.200000 229.492308 229.723077 230.446154 230.876923 230.723077 229.630769 229.584615 229.923077 230.876923 230.984615 230.476923 
52.200000 46.400000 55.600000 129.400000 110.000000 44.200000 39.600000 51.400000 68.800000 124.000000 133.800000 70.800000 55.200000 60.400000 98.200000 128.800000 
89.000000 112.000000 124.000000 120.000000 134.000000 167.000000 180.000000 161.000000 152.000000 147.000000 163.000000 155.000000 122.000000 183.000000 175.000000 206.000000 
74.655172 74.862069 75.137931 73.844828 77.913793 76.637931 73.448276 72.965517 69.275862 70.896552 68.896552 69.517241 63.413793 59.862069 58.000000 58.706897 
185.416667 194.875000 216.166667 233.291667 233.833333 239.125000 239.583333 243.625000 245.291667 247.666667 248.708333 248.916667 247.916667 247.166667 246.208333 243.666667 
57.358491 56.905660 56.867925 56.660377 56.792453 58.283019 57.301887 56.962264 57.528302 59.150943 63.000000 63.509434 64.792453 65.245283 67.150943 67.169811 
82.326923 85.923077 97.173077 96.903846 102.980769 103.557692 101.288462 105.538462 100.076923 94.038462 85.769231 68.711538 55.346154 50.307692 50.230769 52.230769 
223.769231 204.384615 160.923077 115.230769 147.769231 200.461538 212.538462 221.615385 225.307692 230.153846 229.692308 227.923077 232.153846 232.230769 230.384615 232.076923 
232.476190 229.523810 228.047619 224.619048 222.476190 217.380952 213.095238 214.333333 213.095238 213.714286 213.809524 216.666667 226.809524 230.380952 231.476190 227.904762 
226.645833 226.687500 217.166667 216.375000 213.958333 211.416667 207.770833 206.354167 205.625000 205.500000 200.395833 195.604167 194.354167 196.916667 198.708333 198.458333 
226.518519 225.555556 225.833333 226.351852 226.425926 226.444444 225.962963 225.074074 224.481481 225.111111 225.185185 224.296296 223.240741 220.648148 217.314815 214.944444 
108.222222 106.481481 103.555556 98.148148 95.777778 91.370370 83.592593 67.481481 57.777778 46.444444 43.074074 43.370370 48.407407 57.962963 75.370370 97.370370 
199.148148 196.518519 160.000000 99.333333 87.962963 87.370370 87.037037 86.703704 86.851852 87.481481 86.481481 86.111111 85.592593 82.148148 84.148148 85.222222 
199.850000 196.650000 197.500000 198.400000 198.000000 198.150000 198.000000 200.500000 200.050000 200.150000 199.100000 198.350000 194.150000 188.900000 182.850000 128.500000 
236.000000 237.925926 237.518519 237.629630 237.444444 237.962963 235.407407 233.148148 230.925926 225.037037 216.259259 197.296296 159.333333 131.518519 125.259259 126.185185 
222.000000 214.250000 185.875000 185.250000 175.125000 169.250000 96.375000 118.375000 208.625000 228.000000 226.125000 227.500000 227.750000 229.750000 229.875000 229.000000 
217.846154 219.384615 236.846154 236.769231 230.615385 217.076923 198.307692 183.923077 165.000000 157.000000 162.846154 169.153846 174.153846 180.076923 184.230769 185.461538 
233.200000 232.700000 230.400000 215.000000 187.600000 184.800000 202.000000 210.600000 222.900000 233.900000 240.100000 244.100000 246.900000 246.800000 231.000000 225.500000 
134.166667 166.500000 168.166667 167.833333 168.333333 170.500000 169.666667 170.000000 170.000000 168.666667 169.333333 168.333333 167.333333 182.333333 202.666667 175.000000 
223.000000 217.300000 205.700000 192.300000 180.500000 178.700000 179.600000 180.500000 177.200000 172.500000 172.000000 169.800000 175.500000 186.600000 192.200000 199.400000 
179.000000 153.900000 143.800000 148.100000 128.500000 131.200000 166.100000 126.200000 118.400000 115.000000 150.100000 157.200000 140.800000 136.400000 128.000000 125.100000 
217.642857 225.071429 235.214286 238.500000 235.928571 231.428571 230.285714 225.571429 228.428571 232.857143 237.285714 241.357143 241.857143 243.928571 245.714286 243.214286 
185.000000 177.000000 183.000000 217.000000 188.000000 181.000000 211.000000 176.000000 194.000000 201.000000 169.000000 206.000000 178.000000 168.000000 189.000000 148.000000 
225.920635 227.031746 227.793651 227.571429 226.952381 227.095238 228.031746 229.000000 229.063492 228.349206 228.047619 228.714286 229.698413 230.063492 229.460317 228.730159 
191.900000 176.900000 217.700000 226.100000 235.900000 217.300000 207.000000 162.500000 160.600000 168.300000 174.100000 187.800000 194.500000 200.000000 205.700000 207.900000 
150.304348 181.565217 201.086957 209.478261 214.739130 217.000000 216.434783 219.652174 222.391304 221.869565 223.130435 225.695652 225.521739 224.652174 225.913043 226.782609 
220.307692 220.846154 220.653846 220.538462 220.884615 219.961538 219.730769 219.192308 216.576923 213.692308 212.807692 211.538462 209.500000 210.038462 210.615385 210.769231 
174.400000 173.600000 197.000000 163.600000 184.000000 185.800000 162.600000 195.200000 156.400000 187.400000 170.000000 167.000000 190.400000 151.200000 194.800000 162.000000 
229.875000 229.892857 230.500000 230.857143 230.964286 230.214286 230.089286 230.232143 230.964286 231.321429 230.982143 230.107143 230.196429 230.607143 231.375000 231.410714 
129.222222 133.759259 126.555556 123.925926 122.018519 120.148148 114.500000 109.888889 100.907407 96.277778 86.666667 74.888889 65.314815 61.037037 57.629630 55.018519 
214.777778 211.444444 227.555556 224.222222 210.222222 221.777778 229.555556 214.111111 214.555556 231.111111 217.777778 210.111111 224.111111 228.888889 214.555556 216.333333 
222.000000 222.000000 222.300000 221.600000 219.000000 218.100000 223.200000 235.800000 241.400000 240.300000 237.000000 228.100000 229.000000 231.500000 231.600000 230.600000 
220.305556 220.750000 219.444444 218.083333 216.916667 216.805556 216.416667 215.916667 214.861111 214.027778 211.694444 209.138889 205.555556 201.638889 195.750000 187.916667 
223.401869 223.644860 224.261682 224.336449 224.336449 224.158879 224.429907 224.401869 224.158879 223.495327 223.196262 223.401869 223.411215 223.523364 223.299065 223.214953 
123.176471 123.911765 130.294118 127.411765 135.058824 132.000000 127.794118 115.735294 114.617647 94.147059 99.882353 118.323529 126.264706 136.000000 141.617647 151.235294 
158.740741 164.925926 161.222222 161.888889 148.666667 142.407407 148.481481 149.851852 155.185185 139.703704 130.222222 130.629630 124.333333 128.000000 114.222222 127.444444 
203.062500 199.562500 196.125000 193.875000 188.500000 196.687500 199.312500 205.625000 207.187500 206.187500 210.687500 213.812500 214.000000 211.500000 205.375000 195.562500 
225.840000 226.170000 226.470000 226.560000 226.330000 226.550000 226.480000 226.990000 227.020000 227.090000 226.940000 226.860000 227.040000 227.050000 227.400000 227.410000 
57.500000 48.321429 48.678571 44.750000 44.785714 45.642857 46.571429 50.500000 51.035714 51.035714 55.250000 53.500000 54.071429 67.392857 109.535714 139.678571 
232.035714 232.375000 232.660714 232.678571 233.482143 234.107143 233.892857 233.946429 234.160714 234.803571 236.017857 236.178571 236.410714 236.767857 237.375000 238.125000 
103.857143 104.714286 172.142857 191.142857 140.571429 94.428571 106.571429 134.000000 153.142857 157.571429 116.571429 110.857143 146.571429 182.714286 149.000000 107.428571 
78.227273 73.636364 76.863636 78.500000 84.090909 106.136364 112.136364 90.045455 57.590909 37.727273 31.954545 30.863636 31.500000 32.136364 33.136364 32.818182 
87.750000 81.666667 76.375000 66.458333 58.500000 50.791667 46.291667 41.041667 39.833333 38.375000 39.208333 43.000000 55.500000 64.000000 75.666667 88.625000 
216.500000 224.522727 242.909091 245.500000 245.545455 247.181818 247.590909 247.545455 247.431818 246.840909 245.340909 241.045455 243.431818 240.522727 236.159091 236.159091 
155.633333 148.466667 134.866667 128.633333 128.066667 143.600000 149.266667 163.100000 180.300000 195.633333 205.400000 210.433333 213.333333 205.966667 208.633333 212.133333 
181.708333 180.666667 179.875000 177.041667 178.375000 178.666667 186.333333 196.333333 212.541667 226.541667 234.708333 240.458333 239.666667 239.375000 241.208333 242.708333 
224.884615 226.384615 227.192308 228.346154 230.269231 232.538462 233.846154 235.115385 234.884615 233.230769 234.538462 237.461538 237.961538 239.346154 240.269231 239.884615 
230.741935 240.032258 241.290323 235.000000 238.064516 244.387097 242.774194 238.516129 225.806452 224.000000 213.354839 201.677419 192.645161 193.161290 197.838710 204.161290 
42.294118 39.911765 38.588235 36.647059 36.911765 37.117647 38.088235 38.352941 40.911765 43.911765 51.529412 79.029412 120.558824 150.235294 152.794118 155.705882 
199.615385 191.769231 178.730769 177.846154 176.653846 172.923077 179.961538 180.000000 181.346154 189.538462 187.076923 187.653846 186.076923 188.076923 186.000000 187.846154 
178.409091 178.909091 187.727273 183.954545 180.863636 179.909091 195.227273 180.409091 177.636364 177.772727 181.909091 189.409091 212.772727 238.409091 234.681818 237.590909 
215.786667 215.426667 215.826667 214.626667 214.546667 214.173333 214.640000 214.466667 214.026667 213.440000 213.400000 212.853333 213.746667 213.146667 213.240000 212.973333 
151.750000 159.975000 159.850000 153.475000 159.225000 158.250000 174.550000 183.550000 188.750000 192.875000 195.725000 197.550000 197.150000 196.375000 195.625000 196.000000 
139.290323 141.645161 145.193548 142.548387 144.290323 146.451613 145.612903 141.870968 146.193548 147.000000 142.935484 137.387097 131.387097 119.032258 110.064516 95.935484 
128.809524 125.190476 118.761905 131.761905 107.809524 137.428571 100.142857 144.095238 89.952381 150.095238 85.666667 150.761905 83.714286 146.000000 87.047619 142.761905 
228.666667 224.500000 190.500000 164.166667 205.500000 228.000000 237.500000 235.666667 238.666667 247.500000 248.000000 243.333333 239.333333 230.166667 219.500000 217.666667 
154.000000 163.000000 189.500000 125.500000 94.000000 160.500000 192.500000 108.000000 100.500000 51.000000 42.000000 38.500000 42.000000 42.500000 41.000000 44.000000 
78.387097 93.580645 86.354839 100.516129 112.483871 107.774194 133.741935 141.677419 159.419355 169.677419 181.129032 186.225806 187.709677 187.645161 187.483871 184.516129 
226.529412 223.558824 224.529412 226.352941 224.764706 225.617647 225.676471 223.294118 222.205882 218.852941 211.382353 200.882353 194.823529 195.235294 197.911765 198.882353 
161.266667 114.200000 56.600000 41.266667 39.333333 39.600000 39.266667 38.733333 37.866667 37.133333 36.200000 35.866667 34.466667 35.133333 34.133333 33.733333 
238.375000 240.625000 241.875000 241.375000 239.750000 237.625000 230.875000 226.500000 221.125000 208.375000 205.250000 217.750000 229.125000 236.375000 240.125000 239.000000 
192.500000 192.000000 186.454545 179.318182 186.772727 189.045455 172.590909 143.681818 97.681818 65.636364 56.909091 57.954545 68.818182 81.090909 92.181818 112.772727 
108.571429 148.500000 173.214286 163.214286 162.571429 174.642857 171.214286 179.000000 181.785714 180.071429 179.714286 182.142857 188.714286 192.714286 197.000000 198.071429 
49.375000 48.593750 46.781250 47.406250 48.093750 51.468750 48.406250 43.406250 39.687500 35.156250 33.656250 32.656250 33.031250 32.843750 31.625000 31.156250 
78.000000 80.025000 84.750000 89.225000 93.000000 106.975000 116.500000 114.050000 103.975000 99.500000 96.150000 93.525000 93.475000 91.750000 90.925000 90.400000 
131.428571 147.357143 169.928571 181.285714 185.428571 187.357143 190.071429 191.857143 189.500000 189.285714 194.142857 189.214286 183.642857 176.500000 168.785714 164.500000 
93.222222 98.555556 127.888889 160.444444 195.111111 189.777778 189.888889 180.888889 177.222222 154.888889 145.555556 146.333333 144.000000 151.666667 150.000000 163.777778 
168.681818 168.772727 171.795455 173.863636 175.772727 182.272727 183.500000 187.727273 189.931818 196.659091 210.659091 214.090909 215.931818 223.090909 215.727273 208.022727 
212.190476 208.095238 206.714286 205.619048 202.642857 202.047619 201.071429 200.500000 196.666667 193.666667 193.190476 193.119048 191.238095 189.071429 188.404762 188.214286 
196.117647 190.176471 176.500000 137.205882 124.529412 124.029412 122.470588 116.852941 120.823529 161.176471 191.764706 202.264706 205.676471 203.147059 208.382353 212.235294 
208.418605 210.534884 210.720930 212.232558 214.116279 214.558140 216.209302 216.162791 216.372093 216.744186 217.046512 217.139535 216.813953 217.581395 217.720930 217.627907 
214.115385 215.461538 213.769231 213.038462 213.307692 213.653846 210.730769 212.384615 211.423077 212.230769 213.461538 210.500000 209.115385 203.730769 195.000000 154.269231 
74.647059 81.588235 84.235294 74.000000 108.764706 53.294118 50.705882 49.882353 82.705882 98.294118 128.117647 144.058824 134.941176 93.705882 112.764706 95.882353 
227.950000 222.150000 218.450000 228.950000 228.100000 230.700000 230.750000 234.350000 234.400000 233.150000 228.350000 224.050000 211.000000 204.700000 196.850000 203.250000 
52.357143 52.690476 57.000000 63.666667 72.071429 76.238095 80.047619 83.952381 92.476190 93.880952 104.333333 109.119048 117.166667 115.714286 123.404762 123.261905 
58.333333 64.000000 75.666667 101.666667 147.833333 150.500000 122.500000 114.666667 121.666667 118.000000 99.333333 105.833333 141.166667 181.833333 179.000000 143.666667 
218.250000 210.250000 208.375000 210.625000 221.000000 229.375000 229.750000 216.125000 197.875000 172.500000 177.000000 201.625000 209.625000 217.625000 222.875000 223.875000 
159.300000 140.200000 166.100000 126.400000 175.700000 124.200000 181.600000 123.300000 175.600000 120.700000 164.200000 124.000000 148.500000 135.200000 140.500000 130.300000 
97.416667 94.958333 78.250000 67.208333 47.666667 40.291667 36.000000 35.208333 34.958333 40.833333 63.291667 77.250000 77.833333 79.083333 91.625000 83.583333 
46.000000 54.000000 55.000000 58.000000 90.000000 135.000000 52.000000 50.000000 100.000000 98.000000 96.000000 71.000000 63.000000 131.000000 122.000000 39.000000 
223.866667 223.266667 219.866667 214.266667 207.933333 209.333333 207.866667 204.466667 210.200000 210.866667 211.200000 212.533333 213.333333 212.400000 214.333333 212.600000 
68.348485 76.469697 78.166667 78.075758 79.893939 69.969697 59.136364 47.969697 40.121212 36.954545 34.803030 34.469697 35.212121 36.000000 37.257576 39.969697 
116.277778 114.277778 105.500000 99.222222 148.388889 182.111111 195.611111 200.000000 195.222222 195.333333 195.555556 194.444444 194.055556 189.055556 180.500000 154.777778 
178.125000 178.150000 176.300000 174.587500 174.637500 171.987500 172.325000 172.850000 171.200000 173.300000 169.250000 170.962500 168.187500 170.100000 168.950000 170.762500 
221.474747 221.505051 221.707071 221.666667 221.848485 221.959596 221.545455 221.313131 221.656566 222.717172 222.757576 222.494949 222.515152 222.515152 222.717172 222.909091 
233.083333 232.666667 232.416667 231.833333 231.166667 231.000000 233.083333 232.250000 231.416667 231.333333 229.666667 226.250000 218.250000 185.416667 123.750000 107.333333 
228.555556 230.555556 233.074074 237.000000 238.222222 238.481481 238.481481 239.592593 239.407407 238.555556 238.925926 237.888889 238.370370 236.925926 235.074074 234.518519 
96.049383 98.777778 97.703704 99.777778 96.419753 99.469136 93.765432 91.950617 86.901235 85.851852 85.753086 82.246914 81.703704 77.827160 80.382716 80.666667 
75.657143 78.228571 82.600000 94.285714 105.200000 96.971429 87.085714 78.714286 76.742857 73.685714 73.114286 74.857143 75.200000 83.457143 81.714286 81.685714 
227.388060 227.059701 227.119403 227.000000 226.895522 226.671642 226.567164 226.537313 226.477612 225.955224 225.880597 225.567164 224.880597 224.746269 224.104478 224.000000 
226.250000 228.875000 230.375000 231.750000 230.750000 227.750000 230.875000 235.750000 239.000000 233.375000 238.125000 238.250000 233.375000 233.750000 218.000000 228.500000 
64.750000 70.857143 81.642857 96.821429 130.500000 152.464286 155.892857 164.214286 166.892857 163.857143 155.928571 123.607143 80.000000 89.071429 150.285714 155.642857 
46.516129 43.903226 46.322581 43.096774 43.387097 45.000000 46.483871 47.838710 55.806452 83.354839 120.967742 138.290323 146.838710 146.677419 148.258065 152.129032 
232.812500 229.125000 231.500000 232.875000 230.250000 226.156250 216.562500 212.062500 205.750000 197.906250 201.281250 205.031250 209.000000 209.531250 213.000000 216.531250 
78.105263 84.789474 97.421053 115.578947 108.947368 84.315789 61.315789 57.526316 53.789474 59.000000 65.789474 63.842105 65.105263 66.421053 65.947368 65.105263 
232.000000 228.100000 227.500000 229.100000 127.000000 223.700000 231.800000 232.400000 232.900000 234.600000 235.900000 237.700000 234.700000 224.200000 188.900000 88.300000 
226.454545 225.090909 209.909091 222.636364 230.181818 214.272727 214.090909 227.818182 221.000000 208.636364 224.181818 229.181818 215.090909 216.090909 229.363636 221.090909 
244.875000 235.375000 217.250000 210.875000 211.250000 215.875000 221.000000 223.625000 227.625000 228.250000 230.500000 233.000000 233.750000 231.500000 229.000000 224.625000 
124.581395 124.139535 126.906977 129.069767 134.697674 139.511628 141.465116 143.209302 145.162791 147.046512 149.372093 150.325581 150.767442 152.000000 152.860465 149.674419 
75.200000 64.360000 62.640000 61.760000 60.280000 57.520000 61.760000 80.680000 92.160000 102.560000 154.880000 164.560000 160.720000 145.160000 136.080000 124.400000 
178.747706 178.587156 178.967890 178.394495 178.637615 179.009174 179.394495 179.174312 179.940367 179.472477 179.545872 179.793578 179.353211 179.247706 178.495413 178.307339 
67.586207 63.103448 60.758621 72.793103 82.172414 93.000000 87.551724 84.896552 100.241379 115.241379 133.310345 152.758621 154.724138 164.862069 167.965517 162.448276 
238.916667 238.500000 238.916667 237.000000 234.250000 230.833333 228.750000 226.000000 224.000000 225.250000 227.833333 226.666667 224.416667 228.916667 223.416667 222.833333 
220.791667 215.583333 212.541667 219.500000 222.791667 224.916667 227.375000 228.625000 229.666667 231.791667 233.583333 232.500000 229.333333 223.833333 214.791667 212.166667 
195.375000 223.000000 243.750000 245.625000 237.250000 237.125000 235.875000 232.000000 229.625000 229.750000 236.875000 222.000000 214.500000 211.500000 205.250000 210.125000 
238.434783 239.086957 239.130435 239.826087 241.304348 243.652174 244.695652 241.130435 231.478261 203.217391 91.304348 60.391304 73.608696 59.043478 58.521739 60.217391 
114.357143 128.000000 143.642857 155.428571 161.785714 182.714286 154.571429 119.500000 101.357143 93.428571 105.857143 107.571429 111.357143 86.214286 87.071429 87.285714 
233.071429 234.428571 233.035714 235.250000 234.392857 233.500000 233.857143 234.785714 236.500000 235.535714 235.678571 232.392857 233.500000 230.928571 215.000000 191.642857 
206.225000 206.500000 206.625000 207.450000 206.775000 207.250000 206.525000 206.700000 207.075000 207.250000 208.450000 209.325000 210.450000 210.750000 210.550000 210.375000 
44.627451 40.058824 41.725490 51.156863 83.196078 116.627451 119.705882 117.509804 118.039216 116.078431 114.490196 114.607843 112.882353 114.901961 117.725490 120.333333 
75.555556 48.000000 35.333333 30.666667 32.000000 35.888889 73.111111 87.333333 79.777778 35.777778 31.111111 28.111111 29.000000 32.444444 75.222222 91.777778 
86.450000 109.300000 168.350000 177.300000 184.500000 191.150000 188.100000 207.800000 217.700000 222.750000 218.650000 199.550000 164.550000 117.000000 115.350000 97.400000 
136.344828 120.517241 59.379310 51.172414 50.517241 54.241379 53.482759 52.620690 50.586207 50.724138 53.275862 54.896552 52.931034 53.655172 52.241379 51.965517 
50.796296 50.500000 51.500000 52.203704 54.333333 58.000000 58.277778 61.574074 60.796296 59.648148 53.777778 49.629630 48.370370 46.907407 47.037037 47.314815 
116.533333 118.133333 120.577778 119.777778 117.711111 104.911111 97.222222 64.311111 92.777778 105.622222 111.911111 115.555556 129.755556 130.711111 127.888889 123.977778 
183.944444 184.333333 186.333333 189.000000 183.944444 189.111111 185.388889 187.166667 187.333333 185.166667 176.222222 163.166667 145.166667 124.777778 98.888889 81.444444 
98.035714 93.928571 101.107143 134.464286 170.035714 196.107143 207.178571 213.142857 215.392857 216.535714 218.642857 218.071429 218.571429 219.321429 219.428571 219.107143 
154.650000 153.900000 136.100000 102.500000 90.850000 91.800000 111.200000 111.850000 129.250000 134.700000 135.600000 134.000000 142.750000 144.650000 148.950000 147.900000 
226.117647 225.823529 221.058824 211.470588 203.117647 198.411765 194.470588 197.352941 205.000000 212.117647 214.941176 220.411765 224.705882 225.529412 224.764706 225.529412 
116.629032 117.854839 118.666667 120.172043 120.844086 120.811828 120.483871 120.360215 120.172043 120.048387 120.139785 119.946237 121.532258 122.419355 123.043011 122.935484 
136.062500 137.843750 91.781250 93.843750 77.031250 79.093750 89.562500 97.156250 113.843750 134.437500 177.812500 188.062500 195.625000 198.812500 195.906250 190.812500 
204.333333 204.333333 224.333333 238.000000 231.500000 221.666667 216.000000 200.666667 204.500000 210.000000 215.500000 226.833333 226.666667 226.000000 226.500000 230.166667 
158.930556 156.333333 156.180556 158.319444 159.708333 160.083333 159.736111 163.458333 164.347222 160.638889 162.291667 160.472222 162.027778 162.847222 157.875000 166.069444 
58.920000 53.400000 63.440000 83.560000 80.800000 77.280000 87.240000 116.080000 134.520000 100.840000 59.680000 49.040000 45.960000 43.800000 41.200000 41.600000 
200.600000 198.050000 192.750000 189.650000 188.250000 182.450000 163.400000 155.500000 143.050000 158.150000 140.650000 162.500000 222.150000 227.600000 229.650000 229.850000 
229.571429 231.642857 230.928571 228.285714 224.214286 207.571429 147.214286 132.928571 119.000000 116.000000 117.428571 106.785714 110.500000 116.857143 127.500000 141.785714 
217.750000 226.250000 240.750000 221.500000 234.750000 228.500000 219.250000 217.500000 223.000000 229.000000 230.000000 231.750000 226.250000 220.250000 240.000000 234.250000 
89.987179 85.397436 81.589744 80.089744 78.756410 75.089744 76.397436 77.397436 79.038462 76.666667 77.423077 73.602564 75.628205 73.730769 73.500000 75.269231 
35.723404 33.531915 34.957447 30.893617 30.000000 29.595745 30.382979 30.617021 30.872340 31.468085 30.744681 29.574468 29.553191 29.723404 29.574468 33.680851 
222.161290 220.677419 219.193548 216.193548 210.580645 205.709677 197.419355 186.741935 173.967742 161.677419 150.483871 140.419355 138.677419 131.322581 131.193548 127.161290 
162.928571 115.500000 166.071429 111.928571 161.714286 106.642857 156.142857 97.785714 145.642857 90.928571 137.000000 86.642857 125.928571 83.642857 116.642857 79.000000 
36.888889 35.444444 36.000000 36.722222 39.555556 39.777778 44.055556 57.555556 98.333333 147.500000 148.833333 152.222222 147.555556 151.000000 152.555556 138.833333 
119.815789 115.026316 121.921053 121.868421 120.578947 121.078947 119.394737 109.184211 80.184211 73.368421 71.500000 69.921053 74.947368 74.394737 77.578947 80.447368 
67.620690 76.172414 77.379310 98.172414 122.103448 150.758621 163.068966 168.172414 170.551724 170.241379 167.862069 168.724138 169.655172 163.620690 159.482759 153.586207 
218.400000 220.533333 223.166667 224.433333 225.133333 226.733333 226.833333 228.133333 228.833333 228.200000 227.966667 228.233333 226.900000 227.700000 226.300000 224.533333 
136.288136 137.084746 133.542373 134.389831 127.576271 128.067797 117.593220 112.372881 111.288136 109.610169 109.796610 112.101695 113.559322 115.644068 112.966102 114.525424 
226.285714 212.142857 218.857143 229.571429 217.285714 212.571429 228.857143 226.857143 214.000000 221.571429 230.142857 216.285714 209.285714 227.285714 220.571429 207.142857 
43.421053 42.087719 38.754386 38.649123 41.052632 54.561404 70.456140 87.210526 97.526316 97.105263 95.754386 97.631579 97.807018 97.859649 97.824561 103.491228 
174.488636 174.363636 175.443182 175.852273 175.318182 174.863636 175.272727 175.090909 175.113636 176.011364 176.352273 177.704545 177.102273 178.159091 182.818182 184.670455 
194.344828 201.379310 198.241379 188.862069 159.862069 133.448276 117.862069 121.137931 134.241379 145.689655 155.793103 157.689655 163.689655 162.586207 160.413793 152.896552 
74.750000 69.050000 61.700000 56.600000 55.050000 58.150000 58.800000 85.200000 129.600000 155.500000 162.250000 171.800000 174.250000 165.200000 164.000000 154.400000 
48.592593 50.777778 53.962963 56.481481 58.814815 52.962963 69.888889 110.333333 114.851852 87.000000 91.851852 100.814815 101.518519 88.666667 75.111111 71.925926 
115.436364 161.581818 162.309091 160.672727 159.800000 159.490909 160.127273 159.309091 159.454545 159.654545 157.581818 158.054545 159.327273 157.090909 157.836364 155.472727 
226.944444 232.416667 234.138889 240.416667 243.583333 244.138889 246.166667 247.111111 247.916667 248.194444 249.055556 249.000000 249.138889 248.888889 248.222222 247.250000 
232.500000 229.800000 222.300000 197.700000 174.800000 156.300000 171.000000 169.500000 167.600000 197.800000 228.000000 240.000000 240.300000 239.000000 239.700000 240.700000 
99.300578 98.179191 97.734104 97.248555 97.098266 96.976879 96.329480 97.225434 97.306358 97.537572 97.456647 98.520231 98.526012 98.369942 100.150289 99.815029 
123.400000 114.500000 101.900000 95.200000 81.200000 111.700000 168.700000 212.300000 226.100000 228.800000 227.000000 227.500000 228.100000 228.800000 229.600000 229.300000 
77.809524 77.952381 103.619048 145.285714 203.571429 213.619048 212.714286 211.523810 206.095238 178.047619 113.047619 90.619048 95.333333 99.047619 112.476190 135.619048 
104.611111 129.444444 187.388889 194.722222 192.722222 181.833333 164.444444 188.944444 201.888889 206.388889 204.444444 199.444444 195.277778 179.666667 149.055556 130.222222 
141.750000 168.250000 127.583333 165.916667 133.000000 139.166667 147.333333 109.833333 149.500000 94.750000 117.000000 98.000000 86.000000 97.583333 77.833333 89.666667 
93.000000 141.000000 164.750000 161.250000 131.750000 117.750000 155.000000 171.500000 183.000000 171.500000 115.750000 165.750000 217.250000 167.500000 185.500000 171.500000 
71.622222 71.577778 72.844444 79.533333 88.688889 89.644444 92.800000 98.644444 110.311111 109.800000 106.955556 105.244444 105.644444 104.400000 103.822222 111.288889 
207.435897 206.307692 203.923077 200.820513 197.769231 192.153846 190.333333 188.230769 185.743590 182.615385 182.128205 181.128205 179.358974 181.051282 180.282051 181.435897 
47.941176 45.647059 48.941176 64.470588 108.235294 125.705882 129.705882 134.000000 145.058824 138.705882 134.352941 119.941176 97.117647 88.176471 83.176471 69.352941 
229.033333 230.166667 230.200000 229.533333 228.900000 228.866667 229.333333 230.466667 230.133333 228.966667 228.766667 229.200000 230.566667 230.833333 230.600000 229.833333 
76.637931 74.172414 76.172414 79.120690 75.465517 71.017241 73.896552 75.172414 73.120690 65.844828 52.379310 44.275862 38.948276 37.844828 38.637931 39.689655 
135.543307 171.921260 172.110236 172.448819 172.850394 172.700787 172.338583 172.669291 172.732283 172.787402 173.724409 174.173228 174.606299 175.078740 174.669291 174.913386 
222.800000 227.880000 228.800000 229.800000 230.240000 229.680000 229.400000 229.400000 229.920000 229.880000 230.160000 229.640000 230.040000 229.760000 230.600000 230.000000 
33.416667 34.416667 35.416667 35.083333 34.833333 35.750000 36.000000 37.000000 38.250000 41.083333 41.416667 46.416667 52.500000 64.166667 97.416667 125.666667 
53.523810 49.523810 45.238095 47.333333 59.476190 88.333333 114.142857 122.142857 110.333333 107.428571 113.047619 88.380952 79.380952 75.476190 61.714286 57.000000 
230.266667 232.266667 230.600000 224.266667 224.266667 223.333333 222.533333 228.133333 233.066667 236.533333 234.333333 237.133333 241.066667 236.600000 224.733333 211.266667 
149.125000 212.375000 235.687500 238.750000 239.312500 239.562500 237.812500 237.437500 236.687500 236.875000 235.625000 231.750000 237.125000 234.437500 234.375000 236.187500 
194.072464 195.405797 195.420290 194.869565 196.942029 196.115942 196.623188 198.898551 197.521739 196.173913 196.304348 196.420290 196.869565 197.507246 198.159420 198.144928 
246.833333 218.500000 187.500000 196.333333 198.500000 191.333333 194.333333 203.000000 205.500000 205.333333 214.166667 228.000000 234.000000 235.500000 233.000000 230.333333 
234.290323 233.854839 234.548387 233.435484 231.709677 229.306452 229.096774 227.645161 225.661290 223.967742 221.645161 219.483871 219.096774 217.145161 216.322581 215.532258 
158.121212 161.151515 164.818182 175.939394 187.242424 187.757576 184.090909 180.272727 125.515152 160.333333 112.787879 138.696970 226.666667 229.969697 231.090909 231.242424 
229.111111 229.388889 229.611111 229.500000 228.944444 228.888889 229.500000 230.444444 230.666667 230.388889 230.333333 230.444444 230.888889 231.000000 230.888889 230.222222 
125.387097 115.741935 109.096774 102.258065 87.387097 68.129032 55.290323 46.516129 40.967742 38.225806 35.612903 35.709677 35.967742 37.580645 40.838710 48.193548 
242.325581 242.720930 243.674419 243.860465 244.046512 244.186047 244.488372 245.441860 245.372093 245.209302 245.186047 246.232558 246.604651 247.232558 247.209302 245.906977 
116.896552 97.172414 87.758621 79.241379 69.068966 65.931034 60.724138 62.896552 63.310345 64.827586 71.517241 71.655172 79.724138 79.724138 77.068966 76.689655 
206.500000 206.937500 211.062500 210.937500 209.937500 207.500000 200.000000 191.750000 177.687500 147.000000 107.562500 79.875000 72.062500 73.250000 73.125000 79.375000 
96.000000 90.555556 102.111111 89.444444 98.333333 96.444444 100.666667 105.000000 129.777778 85.333333 85.888889 114.333333 153.222222 144.444444 112.222222 96.000000 
165.391304 171.913043 178.695652 186.217391 197.521739 204.130435 203.173913 202.913043 203.521739 198.869565 192.391304 189.391304 181.695652 181.565217 181.869565 182.739130 
66.328571 65.814286 65.785714 65.957143 67.328571 67.057143 68.357143 71.085714 72.314286 73.200000 75.071429 76.071429 78.657143 79.300000 78.328571 75.285714 
188.727273 187.636364 207.090909 215.636364 218.545455 222.909091 224.090909 218.727273 220.272727 225.636364 217.454545 214.363636 210.545455 206.818182 207.090909 208.000000 
209.907407 213.055556 216.537037 218.351852 221.129630 222.425926 225.370370 229.370370 231.722222 234.259259 235.981481 236.277778 236.018519 235.611111 236.444444 236.074074 
236.482759 236.862069 234.724138 233.310345 229.413793 226.724138 223.241379 219.034483 216.827586 215.931034 214.586207 214.448276 213.517241 212.137931 220.103448 225.448276 
232.625000 232.500000 232.333333 231.916667 231.916667 231.333333 231.125000 230.708333 229.958333 230.416667 230.708333 230.291667 229.833333 229.791667 229.416667 229.708333 
76.600000 63.800000 66.400000 55.000000 53.400000 55.000000 60.600000 75.000000 112.000000 104.400000 68.200000 97.800000 179.400000 198.800000 165.000000 94.400000 
134.750000 187.125000 190.250000 178.500000 168.375000 168.125000 167.375000 167.750000 167.625000 166.875000 167.375000 168.375000 168.750000 169.875000 170.375000 170.375000 
113.561576 113.290640 114.630542 113.778325 113.059113 114.083744 113.408867 113.000000 112.438424 111.802956 110.684729 110.083744 110.862069 110.206897 112.014778 111.290640 
80.461538 75.369231 75.153846 72.015385 68.923077 66.723077 64.569231 63.800000 64.246154 65.415385 68.292308 67.661538 71.461538 69.553846 70.800000 71.846154 
230.285714 229.571429 225.714286 213.428571 187.000000 149.714286 100.000000 74.142857 72.428571 83.142857 115.714286 166.428571 208.714286 224.714286 228.571429 230.142857 
82.000000 82.692308 97.846154 82.076923 90.076923 92.615385 89.769231 94.846154 103.153846 98.384615 65.615385 47.846154 48.692308 51.307692 54.153846 142.538462 
116.315789 118.947368 147.105263 195.000000 210.578947 216.473684 218.789474 221.631579 224.631579 227.947368 228.894737 231.157895 233.263158 233.105263 233.526316 233.842105 
189.352941 220.058824 227.352941 230.058824 231.176471 231.235294 229.411765 230.176471 228.647059 228.470588 229.235294 229.117647 230.235294 231.470588 232.529412 232.294118 
98.294118 97.411765 78.588235 77.647059 77.470588 65.294118 64.000000 71.000000 72.235294 82.058824 82.705882 74.176471 90.058824 140.647059 170.588235 181.352941 
191.571429 157.857143 65.714286 51.285714 70.714286 98.000000 146.000000 103.142857 69.000000 74.857143 86.000000 100.571429 60.000000 51.285714 41.714286 38.714286 
228.148148 229.925926 226.407407 220.629630 216.888889 212.925926 211.074074 210.851852 210.666667 214.444444 214.814815 215.888889 218.000000 218.444444 218.037037 217.962963 
90.845070 92.830986 99.492958 102.957746 110.338028 112.169014 112.830986 114.690141 117.253521 117.774648 118.901408 116.577465 112.859155 108.295775 102.845070 96.633803 
126.700000 123.166667 125.366667 124.000000 98.400000 73.933333 72.266667 93.866667 114.766667 118.000000 116.333333 115.133333 119.366667 122.200000 123.800000 120.900000 
228.236364 228.945455 230.090909 230.181818 229.418182 228.800000 229.000000 229.800000 230.309091 230.054545 229.290909 228.818182 228.981818 229.836364 230.072727 229.545455 
96.107143 96.321429 81.285714 79.464286 79.035714 102.571429 132.285714 151.642857 157.607143 161.714286 163.357143 163.607143 163.035714 159.107143 153.714286 142.392857 
134.355932 167.203390 167.542373 167.949153 170.152542 170.067797 170.305085 170.338983 170.288136 169.355932 169.288136 169.338983 168.661017 169.322034 169.711864 171.288136 
148.500000 165.800000 165.233333 165.733333 163.466667 164.866667 168.833333 170.266667 170.766667 171.566667 160.866667 148.933333 117.333333 88.400000 82.033333 83.633333 
148.500000 137.714286 161.571429 167.142857 146.214286 145.428571 160.285714 153.000000 171.357143 167.142857 166.500000 173.642857 166.571429 142.071429 70.928571 71.714286 
235.909091 237.454545 239.954545 239.454545 239.227273 237.909091 235.272727 235.136364 232.181818 232.272727 229.227273 225.818182 223.045455 224.090909 223.727273 225.500000 
91.900000 67.100000 65.800000 80.700000 92.500000 97.300000 89.300000 80.900000 110.900000 126.600000 112.100000 86.600000 78.800000 61.500000 54.600000 57.900000 
229.823529 229.000000 229.823529 229.588235 229.470588 227.235294 224.705882 222.411765 219.588235 214.882353 206.882353 203.000000 208.294118 225.823529 235.058824 236.941176 
85.900000 143.100000 211.300000 232.300000 233.300000 230.300000 221.500000 196.900000 150.100000 99.100000 77.600000 85.200000 102.200000 136.900000 184.400000 219.100000 
33.500000 33.470588 32.441176 30.970588 30.882353 30.794118 30.558824 30.529412 30.058824 31.705882 33.205882 34.705882 35.882353 39.735294 45.176471 63.411765 
162.869565 166.782609 161.043478 154.043478 159.260870 151.521739 143.434783 163.434783 162.956522 165.173913 150.260870 152.826087 141.913043 141.260870 140.086957 100.521739 
78.000000 81.333333 80.666667 92.814815 102.222222 113.925926 125.851852 115.740741 106.740741 93.925926 87.666667 92.629630 79.925926 66.777778 62.074074 61.037037 
80.157895 62.947368 51.315789 51.315789 51.684211 61.157895 67.526316 90.842105 131.789474 150.631579 173.421053 182.052632 165.263158 118.263158 74.210526 65.263158 
232.047619 231.904762 230.476190 227.047619 225.380952 220.000000 215.047619 209.714286 207.666667 210.714286 224.523810 235.047619 239.761905 239.285714 237.904762 235.904762 
52.000000 61.750000 64.875000 89.875000 126.250000 149.000000 152.000000 162.625000 180.750000 189.000000 187.750000 189.125000 184.000000 144.250000 92.250000 78.750000 
237.615385 237.538462 232.692308 229.076923 221.384615 222.538462 223.000000 228.000000 235.461538 238.692308 242.538462 245.923077 246.769231 245.384615 243.000000 242.615385 
178.361111 175.111111 173.166667 173.722222 175.444444 171.944444 168.583333 169.500000 170.472222 172.500000 173.388889 184.111111 204.777778 215.611111 216.000000 216.777778 
89.821429 83.214286 93.750000 104.535714 117.071429 93.928571 92.464286 76.785714 85.535714 86.214286 83.178571 89.142857 103.750000 111.321429 128.035714 146.357143 
181.666667 181.428571 165.571429 106.047619 110.190476 88.285714 110.809524 155.666667 131.857143 129.333333 125.523810 118.047619 108.285714 97.285714 76.285714 94.761905 
58.500000 80.000000 71.000000 63.500000 92.500000 56.500000 94.000000 59.000000 73.500000 59.000000 54.000000 76.500000 54.500000 44.500000 54.500000 76.500000 
128.722222 134.166667 114.555556 124.666667 130.000000 128.833333 125.888889 125.777778 132.888889 111.833333 164.777778 190.444444 183.000000 114.333333 104.000000 101.611111 
209.403509 209.263158 209.649123 210.157895 209.947368 209.298246 209.789474 209.842105 211.298246 211.245614 210.578947 211.192982 211.491228 211.298246 211.526316 210.894737 
213.500000 245.300000 245.900000 209.400000 242.000000 251.500000 252.100000 249.100000 254.000000 253.900000 253.800000 252.800000 250.200000 239.800000 230.800000 228.300000 
223.944444 227.388889 227.444444 224.055556 219.500000 211.000000 208.777778 200.277778 199.833333 193.944444 186.611111 194.777778 216.666667 231.111111 232.111111 230.666667 
186.160000 180.000000 189.160000 178.200000 161.320000 135.200000 106.360000 70.560000 56.320000 52.080000 53.400000 63.160000 78.400000 80.480000 98.360000 115.560000 
229.469136 229.308642 229.641975 230.543210 230.592593 230.111111 229.555556 229.518519 230.098765 230.604938 230.530864 229.530864 229.086420 229.382716 230.259259 230.395062 
223.083333 236.166667 237.416667 228.666667 220.916667 194.416667 193.166667 190.500000 199.500000 201.500000 207.583333 214.750000 216.250000 210.583333 202.000000 201.666667 
148.627907 118.720930 97.255814 85.511628 82.162791 85.744186 87.674419 85.209302 85.883721 89.023256 92.279070 95.139535 99.930233 107.046512 108.372093 115.813953 
107.890110 108.978022 110.978022 110.659341 110.208791 107.208791 105.945055 102.098901 98.109890 97.483516 95.054945 94.362637 91.043956 89.252747 85.637363 85.351648 
144.000000 140.812500 166.375000 128.750000 167.375000 124.687500 147.375000 134.187500 116.500000 142.125000 97.062500 123.937500 97.437500 102.437500 112.437500 92.812500 
211.114286 211.528571 212.085714 212.357143 212.171429 212.071429 212.842857 212.514286 213.271429 213.885714 213.257143 213.414286 213.371429 213.585714 214.000000 215.128571 
235.368421 237.105263 236.000000 234.631579 232.789474 226.736842 214.157895 193.947368 176.000000 170.210526 179.473684 204.736842 215.894737 225.736842 228.052632 227.368421 
42.833333 44.000000 43.416667 46.750000 48.833333 51.833333 104.583333 67.333333 71.833333 71.250000 56.250000 55.166667 49.083333 54.833333 51.083333 43.750000 
152.923077 154.230769 142.615385 126.615385 100.461538 88.846154 79.000000 104.230769 106.692308 107.307692 113.384615 143.538462 143.384615 125.538462 118.076923 116.846154 
87.388889 78.111111 71.277778 69.277778 73.444444 69.000000 69.055556 61.666667 61.277778 54.555556 52.611111 51.222222 47.555556 50.500000 59.611111 75.611111 
230.522124 229.725664 229.699115 230.132743 230.982301 231.115044 230.194690 229.778761 229.858407 230.814159 231.176991 230.955752 230.150442 229.964602 230.539823 231.415929 
192.176471 189.441176 185.294118 182.029412 180.852941 183.529412 187.176471 194.176471 198.500000 202.470588 205.558824 210.617647 215.382353 214.941176 216.735294 219.470588 
199.736111 198.625000 197.416667 197.805556 197.958333 197.930556 198.333333 199.486111 200.722222 201.597222 201.763889 202.291667 203.208333 203.888889 204.513889 204.541667 
208.325000 209.250000 211.750000 213.950000 215.575000 218.500000 221.050000 222.300000 223.200000 223.775000 223.450000 224.275000 225.350000 225.200000 225.000000 226.275000 
232.119403 232.208955 232.000000 232.119403 232.686567 233.358209 233.223881 232.791045 232.895522 233.029851 233.731343 233.910448 233.910448 233.835821 234.179104 234.537313 
211.846154 209.692308 205.076923 199.923077 185.615385 165.000000 189.076923 206.538462 211.076923 214.230769 217.846154 220.769231 220.692308 221.846154 224.307692 224.769231 
115.375000 103.750000 102.416667 101.500000 111.500000 127.208333 148.583333 153.416667 160.541667 164.708333 171.625000 168.125000 161.291667 150.750000 126.958333 101.791667 
145.533333 140.933333 150.866667 159.833333 172.866667 192.766667 205.400000 211.933333 215.566667 216.200000 216.166667 217.300000 218.466667 220.466667 219.666667 219.033333 
60.250000 49.750000 52.000000 60.500000 122.000000 180.000000 147.500000 132.250000 141.250000 70.250000 71.750000 154.500000 103.000000 47.750000 45.500000 42.500000 
208.000000 208.040000 209.360000 209.120000 206.360000 204.680000 204.080000 205.320000 208.160000 213.280000 218.880000 227.520000 232.720000 237.040000 240.880000 241.720000 
70.300000 69.600000 72.400000 74.600000 68.600000 61.200000 52.000000 37.100000 34.300000 35.400000 35.300000 37.700000 40.500000 46.000000 79.100000 145.700000 
226.666667 239.800000 242.666667 242.400000 239.933333 240.666667 234.600000 237.800000 240.333333 242.200000 239.866667 244.666667 234.733333 212.733333 212.133333 221.600000 
84.625000 82.187500 110.187500 135.625000 148.125000 159.687500 153.875000 114.687500 108.312500 105.625000 86.812500 72.250000 70.062500 73.875000 78.000000 76.312500 
131.000000 119.565217 133.565217 158.956522 145.130435 131.347826 133.434783 144.956522 148.869565 151.260870 169.304348 164.043478 153.347826 149.043478 139.565217 131.260870 
115.428571 109.000000 113.428571 140.142857 168.571429 165.285714 164.285714 140.571429 124.285714 126.571429 133.857143 125.857143 144.714286 158.000000 177.857143 180.714286 
43.480000 46.960000 51.920000 47.760000 71.240000 114.200000 138.280000 151.160000 149.720000 153.160000 146.320000 144.840000 127.360000 129.960000 136.000000 131.280000 
223.333333 220.500000 217.111111 218.388889 217.000000 217.444444 216.833333 219.111111 222.166667 226.500000 231.166667 233.777778 235.833333 238.000000 239.000000 236.944444 
192.000000 226.000000 238.000000 226.000000 219.000000 226.000000 235.000000 237.000000 233.000000 246.000000 246.000000 240.000000 238.000000 235.000000 202.000000 187.000000 
87.333333 84.229167 79.583333 76.937500 76.875000 76.812500 79.791667 83.500000 92.166667 102.916667 107.875000 113.520833 117.750000 121.916667 121.083333 118.833333 
155.500000 176.333333 123.166667 87.666667 129.166667 175.000000 140.000000 102.166667 118.500000 149.333333 152.000000 153.500000 124.166667 96.833333 119.000000 180.000000 
45.593750 40.531250 36.718750 34.156250 33.218750 33.281250 34.156250 35.750000 42.500000 59.843750 81.843750 97.531250 103.718750 110.468750 102.718750 96.718750 
56.882353 53.835294 52.858824 51.047059 50.635294 49.705882 51.588235 51.611765 51.047059 52.200000 54.411765 54.764706 55.258824 53.929412 54.658824 55.200000 
214.892857 219.964286 222.178571 225.250000 227.178571 219.678571 195.785714 158.000000 127.607143 147.142857 108.250000 132.000000 203.750000 219.464286 227.035714 229.607143 
46.769231 46.153846 46.846154 49.384615 51.615385 57.384615 108.153846 77.230769 69.538462 73.000000 71.076923 76.000000 86.923077 77.384615 70.461538 53.076923 
119.022727 115.181818 108.750000 108.818182 106.863636 102.863636 101.704545 96.863636 108.227273 119.363636 137.977273 141.704545 146.431818 152.136364 151.204545 157.204545 
125.437500 126.000000 127.437500 126.965278 127.243056 126.402778 126.715278 127.972222 127.520833 127.951389 127.347222 127.381944 128.500000 129.291667 130.368056 129.597222 
212.079365 213.126984 212.920635 213.031746 212.158730 212.015873 211.619048 210.333333 209.777778 209.095238 208.920635 208.841270 209.269841 208.746032 208.047619 208.063492 
144.742857 153.171429 155.542857 159.600000 163.971429 175.057143 177.314286 186.285714 186.114286 176.800000 164.428571 144.200000 133.714286 120.685714 122.028571 122.514286 
146.750000 162.666667 179.833333 193.250000 190.666667 194.583333 193.416667 183.416667 176.916667 162.666667 149.833333 149.583333 157.916667 150.500000 158.083333 157.916667 
139.142857 128.761905 117.761905 108.095238 106.523810 116.666667 148.380952 168.666667 173.190476 176.952381 184.857143 182.952381 186.619048 176.714286 177.714286 169.857143 
150.818182 112.000000 85.000000 85.727273 82.818182 66.454545 71.363636 115.363636 187.909091 216.818182 225.636364 228.545455 228.636364 227.545455 229.636364 230.454545 
93.200000 95.933333 87.000000 106.933333 154.466667 226.000000 233.400000 233.400000 229.866667 216.733333 168.000000 98.600000 61.933333 64.866667 79.200000 110.200000 
131.125000 147.375000 160.062500 165.625000 169.187500 178.625000 178.250000 180.937500 181.687500 179.562500 174.375000 173.625000 178.875000 154.875000 134.312500 112.750000 
121.189189 120.729730 113.189189 103.243243 96.162162 90.270270 82.459459 78.729730 76.351351 79.459459 75.972973 78.270270 79.918919 78.837838 83.891892 89.135135 
187.485714 195.114286 196.485714 198.171429 198.514286 203.571429 205.714286 205.457143 209.314286 212.114286 210.685714 209.885714 212.228571 215.000000 214.514286 215.228571 
122.318182 163.909091 161.590909 165.500000 163.272727 166.863636 163.636364 169.318182 167.636364 163.727273 164.772727 163.090909 166.681818 162.909091 166.818182 158.454545 
243.625000 249.083333 246.958333 249.500000 252.000000 251.000000 252.208333 251.708333 251.625000 250.541667 248.916667 247.333333 238.708333 229.333333 218.541667 211.375000 
193.964286 194.535714 194.964286 188.285714 173.892857 160.714286 147.000000 130.857143 124.321429 123.035714 120.357143 118.857143 111.321429 99.357143 82.678571 94.392857 
230.136364 230.204545 229.863636 231.795455 232.840909 234.704545 236.727273 238.590909 240.409091 241.522727 243.568182 245.068182 245.545455 246.500000 245.977273 246.750000 
102.129032 92.741935 83.387097 72.225806 68.451613 59.806452 58.419355 58.935484 64.129032 80.161290 90.645161 93.322581 104.774194 107.580645 98.419355 89.000000 
88.416667 83.583333 89.875000 93.625000 113.708333 168.791667 183.666667 186.208333 188.000000 184.625000 178.458333 93.750000 64.083333 56.375000 53.875000 57.041667 
49.400000 49.200000 55.800000 84.600000 106.200000 85.600000 62.700000 55.200000 53.000000 47.700000 50.800000 51.600000 51.600000 54.200000 51.500000 50.500000 
171.900000 160.300000 163.800000 164.300000 160.400000 163.500000 175.800000 172.800000 150.700000 164.700000 184.000000 165.900000 125.100000 140.000000 173.700000 161.800000 
45.600000 72.000000 87.400000 113.800000 114.200000 117.000000 127.400000 121.400000 133.800000 168.800000 177.600000 158.400000 196.000000 145.800000 190.000000 132.800000 
57.928571 58.571429 59.785714 67.357143 82.428571 93.785714 90.392857 84.071429 86.500000 81.321429 75.071429 63.928571 56.357143 52.250000 50.928571 56.178571 
150.600000 139.733333 132.866667 143.000000 147.800000 149.066667 156.200000 159.400000 150.400000 165.066667 162.466667 139.933333 158.933333 148.466667 147.466667 168.000000 
170.928571 169.214286 176.857143 214.428571 183.928571 171.285714 180.571429 200.928571 177.928571 169.571429 168.857143 176.857143 224.571429 219.142857 187.571429 209.785714 
247.017857 248.446429 248.500000 248.303571 247.642857 246.464286 246.732143 244.732143 242.035714 238.839286 235.982143 229.482143 222.214286 219.767857 222.589286 225.142857 
78.473684 83.157895 76.789474 80.263158 76.052632 79.000000 78.157895 77.578947 86.157895 94.631579 104.157895 120.157895 118.526316 113.842105 85.526316 77.894737 
92.186047 95.674419 85.232558 54.674419 45.511628 46.674419 47.279070 44.697674 44.744186 46.697674 47.744186 50.255814 48.279070 46.418605 46.534884 46.930233 
161.454545 162.590909 115.454545 68.500000 60.272727 59.681818 51.318182 49.318182 50.409091 52.000000 52.363636 51.954545 54.136364 59.590909 57.590909 55.136364 
127.437500 135.250000 133.906250 132.218750 138.687500 144.656250 146.781250 152.843750 153.218750 143.156250 145.031250 130.687500 111.000000 79.968750 62.187500 61.250000 
134.756098 161.292683 166.195122 168.682927 161.878049 159.853659 165.146341 166.878049 157.292683 118.585366 76.829268 70.097561 77.000000 95.048780 116.707317 122.682927 
205.083333 190.250000 204.833333 214.416667 223.166667 233.666667 235.333333 240.833333 238.083333 239.333333 239.916667 234.250000 230.166667 221.833333 208.583333 194.916667 
42.500000 49.750000 61.500000 157.250000 151.500000 60.500000 36.500000 37.500000 37.750000 38.000000 42.000000 48.000000 58.250000 98.500000 159.250000 215.500000 
48.000000 132.000000 156.600000 90.600000 37.400000 36.000000 38.800000 49.800000 111.000000 164.000000 97.200000 57.800000 39.000000 41.400000 50.000000 81.800000 
233.260870 233.347826 232.304348 230.565217 231.260870 229.521739 228.391304 229.478261 224.826087 218.217391 202.173913 182.434783 158.434783 155.086957 179.782609 198.173913 
51.346154 62.730769 107.769231 145.961538 154.846154 153.384615 152.961538 156.923077 154.192308 154.807692 153.115385 149.576923 148.230769 149.769231 144.269231 137.192308 
205.912281 205.929825 206.473684 206.649123 206.736842 206.964912 206.982456 207.631579 208.333333 208.035088 207.929825 207.578947 206.526316 207.017544 207.210526 207.403509 
219.000000 220.400000 217.000000 233.200000 235.200000 234.800000 230.800000 216.800000 206.800000 210.200000 229.200000 233.400000 237.000000 237.000000 238.000000 236.200000 
229.527778 229.027778 229.888889 229.694444 229.527778 229.333333 228.666667 228.138889 228.388889 228.972222 227.861111 226.083333 225.777778 225.083333 225.888889 226.722222 
92.597938 89.762887 86.742268 85.525773 84.907216 83.061856 82.701031 82.268041 84.783505 82.783505 86.103093 87.041237 89.123711 88.484536 89.350515 90.639175 
222.660000 219.810000 218.100000 220.960000 126.420000 215.150000 222.810000 222.690000 221.670000 221.430000 221.680000 222.870000 223.440000 223.480000 222.860000 222.870000 
242.125000 244.750000 247.625000 249.125000 249.875000 249.625000 249.875000 248.750000 248.000000 245.875000 244.625000 245.000000 240.750000 229.750000 198.500000 153.375000 
36.500000 39.650000 56.050000 95.150000 127.200000 138.100000 155.400000 151.450000 146.550000 147.050000 141.050000 137.300000 147.150000 148.800000 155.700000 162.850000 
44.804348 45.956522 44.413043 42.891304 44.869565 44.608696 45.500000 44.652174 45.369565 44.586957 45.978261 46.782609 48.717391 51.826087 55.978261 65.500000 
46.250000 45.333333 45.333333 42.750000 41.250000 38.916667 40.333333 41.000000 42.291667 45.625000 46.416667 60.916667 71.208333 115.250000 146.416667 145.041667 
43.785714 44.357143 45.785714 52.285714 86.857143 96.500000 89.500000 64.571429 47.785714 39.428571 35.357143 32.642857 34.357143 31.000000 34.357143 38.785714 
199.333333 199.972222 198.916667 197.833333 192.333333 183.500000 173.722222 167.166667 165.666667 166.472222 169.500000 173.305556 177.944444 180.388889 183.916667 186.694444 
119.086957 114.173913 122.347826 127.304348 138.869565 111.304348 84.391304 61.521739 67.565217 74.869565 79.608696 83.173913 99.130435 115.130435 118.869565 127.521739 
221.222222 221.383838 220.818182 220.898990 221.323232 220.767677 220.686869 220.363636 219.484848 219.070707 218.969697 219.121212 218.595960 218.444444 217.898990 217.979798 
231.368421 230.736842 232.052632 233.000000 231.842105 227.736842 221.157895 213.947368 193.210526 163.526316 143.578947 161.105263 193.315789 204.421053 209.789474 215.210526 
116.954545 125.818182 130.500000 123.181818 118.954545 118.000000 89.545455 97.227273 131.545455 155.727273 162.727273 156.409091 135.454545 105.681818 105.227273 103.181818 
220.269231 222.500000 225.269231 228.923077 231.923077 234.961538 237.576923 240.423077 242.576923 242.038462 241.346154 239.730769 236.538462 233.653846 230.538462 229.038462 
179.636364 176.757576 178.000000 183.666667 193.909091 197.757576 200.333333 196.484848 205.848485 202.212121 198.060606 200.000000 203.969697 211.303030 215.090909 217.515152 
101.142857 128.047619 147.190476 154.428571 156.714286 157.571429 137.047619 132.333333 144.619048 146.285714 135.619048 135.809524 138.190476 136.428571 136.714286 131.619048 
40.052632 39.500000 34.605263 30.868421 29.684211 29.552632 31.052632 34.789474 40.578947 49.263158 57.105263 60.921053 65.578947 67.421053 68.684211 68.105263 
163.200000 155.400000 74.000000 50.200000 47.800000 48.800000 48.000000 46.200000 46.800000 46.400000 45.600000 44.800000 46.600000 47.000000 46.400000 46.800000 
103.542373 106.237288 109.440678 106.169492 108.084746 114.915254 122.169492 128.796610 130.372881 130.254237 128.406780 130.932203 131.711864 132.644068 133.152542 134.474576 
73.196078 69.411765 68.764706 66.117647 65.960784 64.843137 68.215686 68.980392 73.392157 71.019608 80.745098 86.235294 94.666667 95.196078 97.882353 101.372549 
89.344828 105.103448 114.172414 122.034483 128.137931 132.896552 130.896552 136.379310 133.896552 133.310345 131.551724 135.896552 137.379310 137.931034 139.310345 139.655172 
220.702703 221.486486 221.108108 220.918919 220.270270 219.675676 221.324324 222.567568 222.675676 223.054054 221.675676 218.135135 216.486486 213.027027 207.000000 197.837838 
202.550000 201.800000 203.050000 201.850000 202.100000 203.150000 205.400000 205.650000 208.550000 210.050000 210.550000 211.300000 215.500000 215.350000 216.850000 219.750000 
222.434783 211.304348 228.565217 227.000000 221.956522 224.043478 237.913043 243.913043 243.782609 246.260870 248.608696 248.869565 249.130435 249.086957 249.260870 247.565217 
197.737705 194.655738 193.622951 196.573770 108.622951 192.836066 198.737705 197.524590 195.639344 196.754098 197.885246 199.196721 199.131148 200.081967 200.098361 198.868852 
210.163636 209.927273 209.200000 209.109091 209.418182 207.727273 207.800000 207.163636 206.218182 206.345455 206.345455 205.672727 206.527273 205.509091 204.836364 203.927273 
177.700000 182.400000 180.800000 182.750000 183.500000 185.600000 190.500000 192.100000 193.050000 197.950000 204.200000 209.850000 202.450000 190.350000 184.350000 146.400000 
139.666667 150.583333 153.083333 142.000000 159.416667 175.583333 179.250000 185.666667 190.333333 186.750000 186.250000 175.000000 170.166667 171.333333 163.583333 150.833333 
225.535714 222.142857 216.250000 211.214286 208.464286 209.892857 210.892857 214.214286 215.464286 220.071429 223.285714 224.250000 225.178571 226.714286 228.535714 227.357143 
231.355556 233.022222 232.688889 233.711111 234.044444 233.066667 229.400000 223.000000 211.444444 191.933333 177.933333 176.933333 176.977778 184.844444 189.155556 192.088889 
189.911765 191.705882 192.764706 196.647059 198.529412 198.529412 193.176471 188.705882 186.176471 188.529412 190.235294 192.382353 193.588235 192.558824 191.205882 191.529412 
205.515152 205.272727 205.575758 205.863636 204.318182 204.136364 203.984848 203.227273 203.560606 203.030303 202.257576 201.181818 200.803030 199.560606 198.666667 197.606061 
196.175000 190.375000 184.175000 184.100000 180.675000 183.975000 182.825000 175.975000 180.300000 174.825000 177.100000 173.775000 173.800000 175.300000 171.825000 172.250000 
104.083333 104.916667 136.750000 173.833333 182.250000 176.333333 145.083333 129.250000 150.666667 177.416667 185.916667 191.416667 191.833333 198.583333 188.083333 180.583333 
128.177778 130.155556 125.555556 62.755556 33.622222 27.755556 26.666667 26.555556 25.644444 25.488889 26.266667 26.533333 26.377778 27.111111 29.022222 48.355556 
167.800000 166.428571 164.542857 162.628571 162.171429 161.171429 160.714286 154.742857 152.314286 148.914286 147.000000 139.114286 141.885714 140.285714 144.714286 146.257143 
98.823529 72.529412 62.294118 55.470588 50.352941 48.823529 57.235294 74.529412 91.352941 105.352941 108.352941 110.411765 103.705882 98.411765 98.117647 107.470588 
245.139535 248.232558 248.488372 248.441860 247.790698 247.069767 245.953488 246.023256 243.813953 244.348837 244.139535 240.465116 239.581395 238.139535 232.767442 232.441860 
81.500000 92.166667 95.250000 107.250000 87.666667 58.500000 53.666667 54.583333 54.083333 65.083333 90.166667 141.583333 169.750000 190.916667 192.833333 195.250000 
173.384615 174.000000 173.923077 174.615385 175.923077 178.307692 178.076923 177.230769 176.384615 175.769231 173.769231 173.692308 172.769231 192.769231 237.230769 199.076923 
123.950000 123.250000 124.160000 125.440000 126.750000 128.270000 126.360000 127.570000 124.160000 123.420000 120.280000 119.460000 116.950000 112.390000 110.210000 103.700000 
238.323529 240.617647 242.000000 241.911765 240.235294 239.911765 239.676471 238.117647 236.823529 236.117647 236.088235 234.500000 231.352941 230.882353 228.058824 226.823529 
131.500000 155.750000 167.000000 145.750000 157.125000 191.250000 194.250000 211.125000 204.875000 177.500000 147.375000 127.000000 137.875000 169.250000 179.125000 180.500000 
204.000000 215.700000 211.200000 199.900000 200.700000 219.500000 224.000000 225.500000 228.700000 233.300000 226.500000 223.300000 220.300000 215.200000 208.900000 208.200000 
73.964286 72.750000 70.678571 68.714286 71.357143 68.821429 74.964286 79.857143 89.821429 94.428571 92.785714 86.107143 74.642857 65.928571 63.928571 62.928571 
234.058824 233.441176 233.558824 233.735294 231.235294 227.441176 202.264706 186.588235 181.352941 185.323529 186.058824 183.205882 185.176471 182.852941 183.882353 182.441176 
76.882353 158.235294 191.705882 188.882353 189.588235 195.294118 191.470588 197.352941 201.588235 202.764706 200.647059 201.000000 198.176471 195.764706 193.470588 191.764706 
201.578947 198.842105 198.052632 185.684211 168.421053 154.263158 152.578947 156.157895 167.684211 182.052632 193.631579 199.000000 200.736842 202.631579 204.789474 208.157895 
235.333333 235.666667 233.000000 229.000000 222.000000 160.666667 121.333333 136.666667 215.000000 223.666667 212.000000 176.000000 132.333333 100.666667 131.000000 186.666667 
233.588235 232.235294 232.029412 232.823529 232.676471 233.147059 233.558824 232.558824 231.911765 229.117647 225.176471 219.176471 200.205882 181.441176 175.882353 178.058824 
193.285714 181.714286 160.285714 128.000000 100.428571 56.142857 57.857143 77.714286 126.714286 186.285714 217.857143 227.000000 228.571429 229.571429 230.285714 230.714286 
185.179487 184.974359 185.743590 185.948718 181.666667 182.333333 180.000000 178.230769 174.717949 171.256410 167.384615 160.871795 155.076923 147.589744 140.641026 136.794872 
91.800000 101.160000 130.960000 160.280000 179.720000 180.320000 183.600000 183.480000 186.360000 185.960000 186.480000 186.560000 186.720000 182.320000 173.680000 173.520000 
168.538462 162.000000 175.307692 201.230769 205.115385 197.269231 206.461538 204.730769 203.423077 207.769231 213.615385 216.923077 221.153846 225.230769 228.461538 229.923077 
209.366667 205.766667 204.600000 202.800000 202.766667 205.633333 210.933333 214.533333 216.166667 218.100000 219.466667 219.700000 220.800000 221.500000 222.233333 222.933333 
84.578947 91.473684 102.947368 110.394737 111.078947 114.263158 110.105263 107.289474 88.236842 85.131579 90.157895 87.052632 90.973684 106.868421 110.894737 116.973684 
173.125000 169.375000 172.093750 182.781250 196.625000 217.906250 231.718750 237.750000 238.906250 238.093750 237.750000 240.343750 241.937500 241.937500 242.500000 242.156250 
141.750000 131.750000 126.083333 136.083333 136.750000 129.166667 149.333333 143.916667 137.916667 160.416667 125.500000 165.250000 120.000000 163.416667 115.666667 150.750000 
58.176471 57.647059 57.058824 56.588235 61.588235 68.470588 67.823529 56.823529 53.352941 50.411765 48.294118 54.823529 70.000000 99.647059 94.352941 89.470588 
141.608696 148.913043 157.956522 158.000000 159.826087 164.782609 163.652174 169.043478 169.869565 164.434783 157.434783 146.434783 148.217391 150.565217 140.826087 145.521739 
224.055556 224.769841 225.023810 225.206349 224.769841 224.634921 225.047619 224.865079 225.182540 225.142857 225.063492 225.436508 225.785714 225.904762 226.206349 226.222222 
102.896552 102.620690 102.275862 90.448276 60.482759 53.551724 50.655172 46.413793 44.310345 42.482759 41.413793 40.793103 44.034483 47.448276 47.275862 47.241379 
150.474227 149.247423 149.608247 148.515464 148.061856 148.360825 148.546392 148.340206 149.938144 150.020619 148.762887 150.257732 149.061856 150.690722 151.907216 149.917526 
104.038462 109.269231 113.038462 113.500000 116.576923 124.115385 136.461538 142.769231 153.538462 157.884615 161.000000 164.538462 166.384615 171.423077 174.230769 173.884615 
137.125000 150.750000 160.437500 162.906250 166.375000 166.718750 163.750000 162.968750 160.937500 155.281250 143.718750 93.625000 78.531250 73.406250 83.812500 111.562500 
208.315789 210.684211 192.894737 159.842105 135.052632 142.526316 171.315789 202.263158 215.894737 219.894737 224.052632 223.526316 225.842105 228.105263 229.526316 229.157895 
171.400000 172.000000 173.600000 179.800000 200.400000 176.200000 171.800000 171.200000 170.000000 172.800000 182.200000 240.600000 194.400000 204.800000 248.800000 207.000000 
137.061856 137.381443 136.061856 133.649485 133.185567 136.793814 138.288660 138.412371 137.154639 135.608247 135.206186 132.515464 133.257732 130.711340 134.041237 132.484536 
234.217391 234.260870 234.782609 234.347826 233.173913 234.478261 235.434783 234.391304 234.782609 234.956522 234.478261 235.391304 234.000000 231.695652 230.043478 227.130435 
160.956522 157.869565 145.130435 134.173913 131.391304 134.478261 135.695652 124.913043 114.695652 116.043478 129.913043 149.043478 170.478261 183.608696 192.347826 204.260870 
214.333333 209.666667 210.545455 218.000000 225.818182 232.969697 236.272727 239.000000 239.545455 239.939394 240.606061 240.393939 241.333333 242.090909 241.424242 238.909091 
226.800000 230.200000 232.200000 238.600000 238.800000 239.200000 238.800000 236.800000 227.600000 220.000000 218.400000 225.000000 231.600000 226.400000 226.800000 232.600000 
100.909091 125.909091 125.000000 99.818182 92.454545 54.181818 54.363636 57.090909 74.000000 87.000000 97.818182 141.545455 140.272727 110.818182 124.454545 117.181818 
165.187500 166.656250 160.375000 140.031250 138.437500 134.500000 121.375000 132.812500 120.031250 117.375000 122.187500 123.968750 131.906250 133.187500 133.906250 124.968750 
165.945205 166.178082 166.273973 165.821918 163.780822 164.876712 164.616438 164.068493 166.794521 166.315068 167.452055 166.232877 166.821918 167.301370 167.876712 166.123288 
121.233333 121.966667 123.483333 123.766667 124.216667 120.850000 123.950000 116.516667 111.466667 104.133333 103.583333 98.800000 101.233333 100.000000 99.950000 95.433333 
139.263158 141.894737 141.105263 146.052632 134.894737 110.736842 103.894737 122.473684 148.368421 155.736842 156.000000 167.473684 173.947368 177.684211 178.631579 171.631579 
165.061224 161.326531 159.795918 159.142857 157.204082 154.204082 151.632653 144.163265 139.020408 132.530612 115.591837 91.142857 64.428571 52.285714 48.408163 47.918367 
217.185185 216.777778 216.759259 217.388889 216.629630 216.888889 217.120370 216.518519 216.990741 216.787037 216.944444 216.962963 216.935185 216.490741 217.425926 217.074074 
232.068966 234.448276 240.482759 243.655172 243.655172 243.655172 244.448276 244.482759 241.586207 242.517241 242.344828 240.137931 236.413793 234.931034 228.793103 222.965517 
173.642857 172.357143 165.000000 160.428571 179.500000 221.428571 188.071429 173.857143 185.571429 232.571429 237.428571 199.428571 222.000000 213.642857 177.571429 180.500000 
71.705882 72.691176 77.411765 77.014706 78.558824 81.941176 85.411765 88.014706 87.352941 87.132353 85.000000 83.397059 82.750000 82.367647 84.088235 81.705882 
177.250000 121.125000 99.250000 150.750000 185.750000 149.500000 120.750000 112.375000 125.750000 147.875000 158.500000 131.750000 103.250000 143.625000 192.875000 169.250000 
57.000000 55.950000 52.200000 92.250000 71.000000 51.300000 49.500000 48.850000 47.200000 48.350000 46.100000 47.950000 49.700000 46.900000 76.200000 60.300000 
213.000000 209.076923 200.076923 191.846154 191.846154 198.615385 207.923077 213.230769 218.923077 226.076923 236.615385 240.692308 240.153846 241.923077 240.846154 241.846154 
155.339623 154.301887 152.773585 154.150943 151.509434 150.320755 147.603774 148.000000 147.849057 148.867925 151.339623 156.132075 164.660377 173.245283 181.207547 181.490566 
216.376812 217.811594 218.188406 217.855072 217.550725 217.869565 218.956522 219.898551 219.985507 220.000000 220.217391 220.652174 220.898551 221.521739 221.681159 222.666667 
47.250000 47.525000 47.275000 47.250000 48.475000 48.600000 54.250000 58.800000 63.125000 60.050000 62.375000 70.000000 76.375000 72.675000 76.150000 79.300000 
128.489796 175.530612 176.000000 175.591837 175.836735 175.979592 175.265306 175.469388 176.020408 176.571429 176.795918 177.122449 177.224490 178.020408 177.489796 177.163265 
236.285714 232.285714 230.857143 229.714286 228.571429 220.714286 214.857143 217.571429 227.857143 228.428571 233.714286 240.857143 233.428571 220.000000 208.000000 224.000000 
215.731707 217.512195 218.000000 218.365854 219.853659 221.317073 222.439024 223.682927 224.609756 224.731707 226.000000 228.170732 230.048780 232.024390 233.682927 234.780488 
180.406250 183.968750 185.625000 182.562500 178.500000 172.718750 166.781250 157.937500 148.500000 141.562500 137.312500 130.531250 122.937500 116.656250 97.625000 98.781250 
150.333333 153.111111 150.222222 151.888889 155.111111 161.944444 161.777778 163.666667 169.222222 172.888889 171.222222 173.000000 177.222222 175.055556 173.555556 176.777778 
123.263158 126.289474 125.394737 126.894737 125.342105 128.657895 122.184211 122.657895 117.473684 112.421053 113.210526 105.105263 93.763158 78.763158 69.184211 61.131579 
58.057971 56.492754 55.768116 54.521739 50.434783 46.333333 43.492754 41.753623 40.768116 41.753623 42.434783 43.782609 44.362319 45.115942 45.869565 49.043478 
153.244186 155.069767 155.837209 153.476744 155.011628 156.453488 157.383721 156.209302 156.430233 157.174419 156.023256 158.011628 154.430233 157.186047 157.813953 153.674419 
168.000000 181.000000 235.000000 251.666667 231.000000 209.666667 196.333333 200.666667 194.333333 207.333333 214.000000 217.000000 217.000000 216.000000 216.333333 214.666667 
60.761905 75.428571 89.047619 100.571429 107.904762 107.904762 112.857143 134.047619 134.761905 142.619048 159.666667 170.809524 166.047619 174.714286 163.857143 172.142857 
221.250000 214.750000 144.750000 118.250000 199.000000 217.250000 200.250000 166.750000 138.500000 129.000000 212.500000 206.500000 175.000000 132.250000 109.750000 162.250000 
160.648649 169.054054 165.891892 155.351351 143.513514 130.540541 111.054054 98.486486 86.189189 88.351351 96.513514 98.891892 100.621622 104.945946 95.621622 91.972973 
86.538462 88.256410 85.461538 85.102564 95.333333 89.564103 100.358974 84.666667 89.333333 94.282051 103.538462 120.794872 125.435897 138.358974 135.333333 141.692308 
42.708333 45.250000 44.541667 46.375000 45.166667 47.958333 48.916667 53.333333 59.000000 66.458333 79.291667 104.333333 118.166667 129.166667 126.750000 128.458333 
203.197183 203.760563 204.084507 203.802817 203.239437 203.225352 203.281690 203.563380 204.563380 204.591549 204.126761 203.394366 204.464789 205.957746 206.521127 206.098592 
239.444444 235.925926 234.148148 223.814815 209.592593 197.370370 193.481481 184.333333 180.407407 181.925926 181.703704 186.481481 190.148148 194.740741 196.925926 197.814815 
113.438596 109.719298 104.315789 99.894737 96.473684 90.228070 87.824561 81.403509 75.473684 67.596491 61.578947 57.333333 55.561404 54.228070 53.421053 55.614035 
69.500000 86.000000 125.000000 145.100000 124.400000 106.500000 112.100000 106.200000 96.100000 101.500000 131.900000 158.800000 166.000000 154.200000 126.600000 73.000000 
190.736842 190.631579 198.210526 213.210526 222.578947 229.736842 231.157895 226.157895 224.473684 223.105263 226.157895 229.210526 233.263158 238.894737 239.736842 236.842105 
40.888889 43.777778 49.000000 74.777778 130.444444 159.888889 162.888889 161.333333 159.777778 151.333333 134.333333 90.333333 51.666667 33.888889 33.000000 31.666667 
45.210526 42.526316 45.789474 45.578947 46.157895 44.789474 40.842105 38.894737 38.526316 37.684211 40.526316 47.947368 64.315789 76.263158 83.631579 73.421053 
215.368421 212.000000 208.263158 206.263158 204.263158 203.368421 203.052632 198.052632 194.052632 190.789474 181.157895 171.210526 163.473684 159.526316 152.421053 139.578947 
86.333333 88.333333 104.666667 77.666667 73.333333 89.166667 85.833333 107.000000 110.000000 90.333333 73.833333 80.666667 100.166667 120.333333 111.500000 105.666667 
96.277778 94.500000 106.833333 128.777778 146.777778 149.500000 153.888889 153.000000 147.277778 148.722222 153.277778 156.000000 154.000000 152.944444 151.388889 150.888889 
94.407407 108.925926 160.333333 195.962963 153.444444 179.000000 178.740741 212.666667 229.333333 230.037037 229.259259 228.703704 228.740741 228.444444 226.814815 227.703704 
226.181818 228.545455 232.545455 229.181818 226.727273 219.363636 219.454545 218.909091 220.727273 234.090909 239.363636 239.090909 236.727273 234.636364 236.545455 229.090909 
238.905660 239.735849 241.075472 241.754717 241.905660 241.471698 240.452830 239.773585 238.754717 238.150943 237.377358 237.339623 237.377358 237.679245 237.622642 237.415094 
90.000000 80.351351 67.594595 56.297297 45.729730 39.648649 35.756757 33.702703 31.594595 32.675676 31.189189 32.891892 31.594595 30.648649 30.513514 33.891892 
247.909091 247.590909 248.227273 248.613636 248.500000 248.772727 248.840909 248.795455 248.545455 248.090909 247.500000 245.477273 244.613636 242.772727 240.840909 236.363636 
219.428571 221.000000 221.928571 223.571429 229.285714 231.142857 230.428571 231.071429 232.214286 229.857143 228.000000 228.000000 222.285714 213.214286 196.214286 140.857143 
179.973684 179.526316 179.552632 181.052632 185.842105 194.263158 198.842105 205.421053 211.894737 217.026316 215.473684 218.236842 219.657895 220.736842 221.789474 224.736842 
178.818182 177.272727 176.136364 176.909091 177.272727 177.954545 180.727273 180.363636 179.409091 177.045455 176.181818 184.318182 179.136364 180.227273 197.272727 231.181818 
93.263158 90.736842 98.526316 137.052632 110.842105 68.368421 82.473684 91.105263 88.000000 96.842105 95.473684 85.526316 84.000000 85.052632 82.789474 83.368421 
105.818182 105.767677 105.297980 105.196970 105.045455 104.510101 104.590909 103.702020 104.540404 104.636364 105.762626 104.909091 105.686869 104.484848 105.469697 104.297980 
229.250000 228.687500 227.625000 229.375000 227.437500 227.000000 225.500000 225.437500 225.500000 225.375000 228.625000 232.312500 234.500000 235.500000 236.187500 239.250000 
231.220779 230.441558 230.077922 230.220779 231.129870 231.350649 231.389610 230.597403 230.415584 230.896104 231.701299 231.792208 231.272727 231.077922 231.051948 231.805195 
60.538462 60.846154 63.769231 75.307692 104.538462 163.538462 192.000000 207.923077 219.230769 223.769231 222.846154 222.230769 223.769231 219.846154 206.230769 185.538462 
107.333333 102.888889 86.888889 75.444444 89.666667 117.777778 139.333333 144.000000 135.333333 93.111111 57.777778 40.777778 39.111111 45.333333 53.888889 69.000000 
103.461538 112.692308 115.000000 122.307692 116.230769 110.000000 108.384615 124.000000 137.615385 164.076923 134.846154 83.538462 64.615385 59.307692 58.230769 57.538462 
64.263158 82.315789 86.315789 93.500000 74.500000 89.526316 90.842105 90.394737 91.105263 94.473684 94.631579 98.500000 102.236842 101.710526 110.000000 102.631579 
154.857143 135.982143 110.357143 104.160714 101.339286 105.089286 103.017857 101.767857 102.392857 107.446429 104.214286 104.089286 102.732143 104.589286 100.553571 98.517857 
235.000000 234.866667 231.366667 225.166667 216.366667 201.600000 184.033333 170.900000 168.533333 186.666667 208.933333 218.533333 224.266667 228.800000 232.433333 235.700000 
189.102273 188.636364 188.829545 188.102273 187.465909 186.602273 185.534091 186.613636 185.159091 185.409091 186.909091 187.079545 187.625000 187.625000 187.000000 186.909091 
107.406250 148.875000 155.281250 152.406250 152.093750 148.187500 150.562500 153.281250 150.468750 152.500000 153.750000 149.375000 153.593750 152.593750 146.500000 147.437500 
196.333333 200.583333 215.333333 227.833333 233.083333 230.333333 236.250000 239.333333 238.000000 234.500000 225.250000 215.666667 203.833333 196.916667 195.583333 205.833333 
193.119048 191.785714 190.642857 194.071429 110.214286 190.952381 197.047619 197.190476 197.428571 196.285714 193.119048 184.404762 158.857143 121.095238 113.047619 117.380952 
120.508475 142.000000 145.322034 143.661017 147.762712 144.338983 142.762712 142.847458 135.728814 101.322034 65.796610 54.186441 52.559322 55.355932 60.949153 69.677966 
157.315789 164.736842 165.052632 166.263158 159.894737 158.421053 152.210526 143.473684 118.789474 86.684211 78.947368 97.684211 126.631579 152.578947 158.315789 152.000000 
158.210526 158.894737 156.473684 150.710526 143.026316 147.500000 134.500000 132.052632 121.289474 109.578947 102.552632 97.815789 88.421053 76.447368 68.421053 72.947368 
106.425926 107.111111 105.083333 106.453704 106.231481 105.981481 109.185185 110.935185 112.907407 115.138889 117.444444 118.601852 119.101852 118.527778 120.046296 119.712963 
180.375000 149.625000 106.500000 109.375000 138.500000 155.000000 164.125000 173.000000 158.875000 161.125000 191.000000 182.750000 177.500000 182.000000 190.875000 187.375000 
239.514286 240.000000 239.542857 238.057143 233.028571 230.428571 227.028571 223.857143 221.657143 218.971429 219.657143 217.400000 213.571429 209.457143 198.600000 192.085714 
194.550000 198.150000 197.200000 193.050000 183.100000 178.400000 170.650000 157.700000 138.000000 137.250000 140.750000 154.000000 154.050000 147.650000 150.400000 159.500000 
183.250000 181.500000 181.250000 179.375000 194.187500 185.625000 190.687500 196.937500 208.125000 212.062500 213.812500 217.625000 210.937500 193.812500 197.875000 197.375000 
58.625000 50.300000 47.400000 46.425000 45.575000 47.025000 47.800000 49.675000 56.100000 72.150000 79.125000 73.275000 54.825000 48.375000 48.850000 49.200000 
62.633333 75.200000 51.533333 32.866667 30.700000 29.233333 31.033333 36.466667 37.433333 39.533333 33.733333 29.700000 28.733333 30.466667 33.433333 42.633333 
230.000000 232.500000 232.500000 233.200000 231.100000 236.000000 237.500000 237.200000 235.700000 229.000000 227.200000 227.400000 224.100000 221.600000 219.500000 219.800000 
202.000000 201.857143 204.285714 206.285714 207.571429 209.142857 211.000000 213.142857 213.857143 215.714286 216.285714 215.142857 215.714286 212.285714 200.142857 201.142857 
43.913043 37.760870 39.717391 36.826087 36.586957 37.369565 36.152174 38.978261 39.934783 39.478261 40.130435 43.195652 51.565217 44.521739 42.739130 40.195652 
234.266667 232.133333 229.733333 223.333333 201.933333 183.133333 164.200000 154.466667 149.800000 152.333333 155.266667 165.800000 166.466667 174.066667 181.400000 185.066667 
245.333333 245.777778 245.444444 243.222222 241.444444 246.722222 247.444444 242.777778 239.000000 233.222222 226.888889 207.944444 207.277778 205.611111 203.166667 208.055556 
183.388889 175.277778 168.611111 163.666667 170.055556 168.333333 169.722222 177.833333 173.611111 175.888889 187.166667 185.944444 198.333333 190.333333 187.111111 181.833333 
112.470588 117.058824 108.411765 44.058824 38.941176 34.352941 34.470588 33.470588 33.882353 34.058824 34.235294 34.941176 35.588235 37.117647 42.470588 67.470588 
245.879310 247.000000 247.551724 247.689655 248.413793 249.551724 250.137931 250.448276 250.396552 250.689655 250.706897 250.879310 250.810345 250.655172 250.534483 249.965517 
155.000000 175.250000 145.500000 176.875000 134.375000 179.250000 127.500000 179.125000 121.875000 178.250000 117.250000 171.000000 115.750000 160.500000 116.750000 150.125000 
164.750000 168.750000 129.625000 62.125000 49.625000 47.750000 48.500000 50.625000 51.125000 72.125000 98.125000 72.875000 117.125000 165.625000 118.000000 67.500000 
101.300000 103.650000 108.850000 101.950000 107.900000 105.250000 99.450000 99.000000 116.500000 135.950000 138.450000 129.800000 111.300000 76.100000 56.600000 57.400000 
68.900000 75.500000 58.150000 72.950000 95.350000 99.200000 123.700000 66.150000 111.300000 142.650000 146.400000 153.250000 136.950000 133.300000 140.350000 137.900000 
151.250000 157.000000 78.000000 73.750000 107.000000 163.750000 161.750000 106.750000 137.750000 89.500000 53.250000 51.000000 79.250000 150.000000 133.500000 41.000000 
114.666667 112.611111 97.277778 97.333333 87.222222 93.388889 108.611111 116.722222 113.722222 114.777778 88.111111 78.888889 92.444444 99.055556 115.888889 143.388889 
213.888889 210.000000 209.666667 208.777778 213.333333 208.888889 204.666667 211.666667 225.000000 226.444444 229.333333 230.333333 227.222222 216.444444 211.444444 209.111111 
188.487179 189.794872 190.256410 196.358974 201.564103 206.666667 210.051282 214.179487 217.230769 219.717949 222.102564 222.282051 223.256410 224.076923 225.256410 226.256410 
61.500000 74.125000 108.750000 137.500000 136.750000 68.250000 47.875000 62.000000 100.250000 190.750000 225.000000 230.000000 230.625000 232.000000 232.250000 230.125000 
228.750000 231.400000 232.150000 234.000000 234.750000 236.950000 238.550000 237.950000 235.050000 226.450000 193.150000 119.450000 89.150000 76.050000 73.050000 71.550000 
221.454545 225.090909 228.545455 229.272727 235.636364 240.454545 238.545455 234.909091 227.818182 224.909091 220.272727 213.545455 205.545455 209.181818 226.818182 232.727273 
231.181818 233.272727 230.000000 234.136364 235.000000 236.454545 237.727273 231.500000 221.818182 197.863636 183.454545 187.545455 198.318182 205.590909 217.136364 222.181818 
162.451613 153.096774 146.806452 155.322581 142.419355 153.548387 135.064516 142.645161 127.225806 124.387097 120.709677 107.419355 113.709677 102.645161 103.935484 106.290323 
183.875000 180.375000 167.375000 150.562500 154.750000 147.625000 152.062500 154.687500 172.125000 181.875000 188.250000 180.312500 170.437500 152.375000 145.125000 157.000000 
225.321429 213.642857 200.964286 190.142857 187.285714 185.892857 184.428571 181.607143 186.071429 190.642857 192.607143 196.821429 202.535714 206.428571 211.607143 215.964286 
85.583333 78.166667 61.833333 136.916667 84.333333 104.000000 49.833333 45.916667 45.916667 45.500000 43.833333 41.583333 42.583333 43.583333 46.000000 46.750000 
157.684211 159.578947 138.000000 39.263158 37.684211 33.631579 31.157895 30.578947 31.157895 32.526316 32.842105 33.210526 33.736842 34.736842 40.947368 67.421053 
71.590909 133.545455 166.500000 162.090909 156.590909 156.136364 154.181818 156.545455 154.000000 153.500000 155.818182 155.590909 155.636364 152.545455 155.045455 157.909091 
200.714286 202.142857 204.107143 206.285714 210.678571 212.428571 217.785714 221.178571 223.071429 225.678571 227.250000 227.214286 228.214286 230.071429 230.071429 230.321429 
45.970588 47.411765 47.911765 51.294118 54.705882 63.294118 89.882353 121.529412 134.529412 140.794118 133.941176 133.088235 111.323529 124.411765 133.794118 130.000000 
82.600000 115.050000 137.400000 146.450000 144.900000 139.750000 107.700000 75.500000 53.050000 43.200000 40.300000 40.650000 43.050000 46.000000 52.400000 68.750000 
167.467742 167.225806 165.112903 162.838710 164.032258 158.838710 159.338710 161.274194 159.532258 160.306452 157.354839 160.500000 160.596774 159.419355 159.209677 157.354839 
224.473684 225.684211 226.131579 226.894737 226.447368 225.421053 224.315789 222.947368 222.421053 220.368421 221.026316 220.157895 218.868421 216.473684 212.684211 210.000000 
233.380952 230.428571 229.714286 233.047619 140.190476 229.666667 235.000000 235.714286 235.428571 236.285714 237.142857 235.000000 227.000000 207.333333 95.523810 83.857143 
239.366667 240.616667 240.500000 240.716667 241.083333 241.466667 240.900000 241.550000 241.016667 241.483333 241.850000 241.700000 242.416667 241.883333 241.650000 241.066667 
222.413793 224.275862 223.896552 223.793103 222.965517 221.827586 220.862069 219.931034 212.758621 201.551724 161.862069 139.241379 128.758621 124.758621 122.344828 120.034483 
247.666667 248.000000 247.037037 245.148148 242.925926 239.555556 236.333333 233.518519 229.111111 227.555556 226.185185 224.814815 225.555556 225.740741 220.962963 216.592593 
142.396226 143.245283 142.198113 142.575472 143.000000 142.245283 142.632075 142.235849 142.452830 142.679245 142.933962 141.650943 142.084906 141.877358 142.462264 142.377358 
65.805556 62.986111 63.444444 63.750000 61.944444 59.763889 60.250000 59.430556 58.291667 56.527778 55.291667 54.361111 52.805556 51.916667 54.416667 55.777778 
91.111111 92.962963 91.555556 86.370370 82.814815 82.814815 88.037037 97.888889 106.222222 112.777778 105.074074 93.888889 87.703704 95.222222 96.037037 86.555556 
78.388889 93.138889 116.083333 142.333333 163.861111 175.305556 175.194444 172.083333 161.222222 149.000000 126.416667 103.083333 88.138889 77.694444 85.666667 98.555556 
193.769231 190.000000 173.769231 161.384615 136.923077 91.923077 69.230769 65.076923 75.307692 92.153846 109.230769 122.384615 138.230769 135.461538 115.230769 123.153846 
231.553846 231.053846 230.884615 230.984615 231.769231 232.023077 231.823077 231.284615 231.284615 231.869231 232.507692 232.623077 232.107692 231.853846 232.115385 232.938462 
172.000000 105.000000 114.333333 95.333333 153.333333 156.333333 73.333333 46.333333 57.333333 50.666667 56.333333 55.666667 132.333333 159.666667 118.333333 59.000000 
229.297297 228.864865 229.162162 229.351351 229.405405 229.405405 228.972973 229.405405 229.513514 229.567568 229.540541 228.675676 228.216216 228.054054 228.189189 227.567568 
90.666667 55.666667 47.000000 84.333333 151.000000 167.333333 142.666667 107.000000 148.666667 77.666667 54.000000 65.666667 109.666667 128.666667 77.666667 42.000000 
193.750000 179.916667 78.000000 63.416667 55.083333 51.833333 56.000000 87.666667 105.750000 91.250000 98.500000 104.833333 113.416667 92.583333 95.666667 100.083333 
126.666667 56.333333 57.000000 69.333333 151.000000 179.333333 110.000000 141.666667 120.000000 61.666667 101.666667 135.333333 73.000000 48.333333 48.000000 46.333333 
131.636364 136.636364 162.045455 156.636364 144.181818 127.318182 104.409091 93.636364 86.954545 79.181818 75.727273 72.454545 73.272727 81.681818 87.136364 91.227273 
86.266667 83.333333 52.066667 30.533333 28.400000 25.666667 27.533333 31.400000 70.733333 84.800000 85.733333 85.000000 85.600000 81.000000 76.200000 42.200000 
227.804598 227.666667 227.620690 227.988506 228.252874 228.195402 227.793103 227.827586 227.758621 227.908046 228.126437 227.988506 227.839080 227.942529 228.344828 228.448276 
207.500000 227.400000 224.200000 209.100000 221.500000 230.500000 212.300000 212.400000 231.100000 224.100000 211.600000 221.500000 229.800000 214.800000 214.600000 228.200000 
212.730769 212.576923 210.923077 212.153846 213.692308 213.615385 211.807692 210.076923 209.576923 210.423077 211.807692 215.884615 221.000000 223.038462 224.500000 226.769231 
229.718310 229.140845 228.985915 229.450704 229.915493 229.845070 228.957746 228.802817 228.915493 229.507042 229.647887 229.154930 228.873239 226.661972 224.352113 218.450704 
167.313725 168.764706 169.686275 173.980392 178.450980 184.529412 189.117647 190.392157 193.549020 196.490196 196.509804 197.627451 196.137255 192.294118 191.901961 192.921569 
228.939394 228.348485 228.287879 228.924242 229.393939 229.212121 228.909091 228.757576 228.954545 229.409091 229.590909 229.318182 229.121212 229.166667 229.424242 229.848485 
230.444444 228.000000 226.333333 230.222222 131.888889 226.333333 232.444444 234.222222 233.222222 234.333333 233.111111 230.333333 218.666667 154.444444 75.111111 74.222222 
230.200000 230.036364 230.345455 231.090909 231.109091 230.672727 230.000000 229.909091 230.381818 230.909091 230.745455 229.963636 229.727273 229.854545 230.618182 230.745455 
233.166667 229.833333 229.083333 231.083333 138.500000 227.000000 234.083333 234.583333 235.000000 235.500000 236.333333 236.083333 232.583333 222.666667 151.666667 83.750000 
141.977273 137.340909 142.886364 134.727273 116.772727 87.909091 65.431818 50.727273 48.454545 46.704545 46.181818 45.113636 47.636364 53.227273 58.113636 58.886364 
120.000000 71.000000 120.750000 76.250000 129.250000 69.000000 89.250000 93.500000 80.000000 109.750000 68.500000 118.000000 62.000000 98.000000 78.250000 76.000000 
145.358974 139.384615 136.641026 131.538462 133.051282 120.410256 115.538462 97.102564 76.692308 57.538462 50.589744 45.769231 46.410256 48.256410 46.948718 51.205128 
183.153846 179.846154 184.692308 211.230769 225.538462 238.846154 201.461538 202.076923 191.769231 194.153846 206.461538 215.153846 220.461538 227.769231 226.000000 225.615385 
216.444444 217.555556 215.518519 215.851852 215.111111 213.444444 211.962963 211.666667 209.592593 206.074074 198.074074 184.296296 176.814815 171.555556 167.666667 161.333333 
221.500000 218.833333 215.166667 206.500000 212.000000 216.666667 212.333333 210.500000 211.500000 211.833333 216.500000 224.000000 227.166667 223.500000 214.333333 181.666667 
239.000000 235.500000 234.375000 230.000000 217.625000 192.500000 173.125000 188.250000 203.625000 213.250000 224.750000 232.750000 238.500000 241.250000 241.125000 242.375000 
178.200000 150.500000 121.300000 128.700000 177.300000 196.900000 205.800000 216.000000 229.400000 240.300000 243.600000 246.600000 248.900000 249.500000 247.100000 246.700000 
107.200000 177.400000 178.400000 124.800000 120.400000 142.200000 146.800000 162.400000 159.800000 97.800000 92.200000 140.200000 182.400000 133.600000 102.800000 149.200000 
210.166667 206.555556 203.222222 201.611111 204.500000 210.833333 221.000000 233.944444 237.555556 238.000000 241.388889 242.777778 242.222222 240.666667 237.777778 235.388889 
94.000000 76.200000 38.400000 30.200000 30.000000 31.600000 50.200000 87.200000 83.800000 40.600000 31.200000 27.200000 28.400000 28.600000 48.600000 70.000000 
169.760000 168.000000 154.240000 132.440000 104.560000 72.480000 59.560000 54.560000 55.080000 59.240000 63.840000 75.600000 93.920000 104.360000 110.720000 118.160000 
