175.444444 170.735043 138.042735 103.136752 85.470085 72.897436 68.641026 71.401709 76.111111 76.675214 82.632479 88.410256 99.666667 104.196581 101.863248 100.803419 
116.088353 131.116466 139.899598 145.140562 145.401606 145.240964 146.606426 149.630522 152.449799 153.975904 154.345382 153.903614 153.678715 154.072289 151.397590 147.730924 
47.486486 44.587838 42.641892 41.216216 40.081081 39.993243 41.067568 42.175676 44.587838 50.871622 62.871622 82.655405 99.614865 121.641892 134.864865 136.425676 
172.523438 179.960938 192.945313 205.046875 210.062500 214.445313 213.796875 214.398438 215.257813 218.195313 220.054688 221.742188 223.476563 224.570313 225.312500 225.578125 
215.919283 216.207773 215.905830 215.330344 214.970105 214.715994 214.995516 214.609865 215.260090 215.763827 215.805680 216.527653 217.218236 217.086697 216.823617 216.421525 
48.646667 47.303333 43.973333 39.753333 38.460000 37.663333 36.620000 36.786667 36.450000 36.943333 36.816667 37.580000 39.176667 39.183333 40.366667 44.926667 
156.056995 164.098446 167.041451 167.352332 166.492228 164.181347 161.725389 156.155440 147.005181 135.808290 118.575130 100.005181 86.290155 79.098446 77.994819 86.051813 
178.919492 177.864407 178.402542 180.457627 184.309322 189.088983 190.542373 195.940678 202.466102 207.949153 211.813559 214.190678 216.618644 218.911017 217.813559 216.588983 
229.077429 229.314828 229.563915 229.691015 229.799123 229.560263 229.301680 229.415632 229.520088 229.826150 229.914536 229.832725 229.729730 229.819576 229.744339 229.344777 
230.982759 229.568966 231.402299 230.097701 224.896552 217.568966 205.500000 192.810345 183.074713 176.534483 175.729885 183.471264 192.160920 197.057471 199.413793 200.741379 
116.951890 117.584192 118.664948 119.271478 118.616838 119.154639 118.493127 119.689003 120.063574 123.115120 121.893471 123.508591 123.252577 125.075601 124.025773 124.450172 
60.757576 52.090909 52.212121 61.590909 87.681818 111.196970 113.651515 121.409091 127.772727 125.575758 126.560606 122.166667 102.727273 74.545455 57.333333 53.803030 
111.000000 113.603960 105.059406 111.108911 110.544554 105.910891 108.653465 106.227723 106.029703 111.831683 126.554455 159.178218 181.099010 189.534653 190.534653 191.544554 
192.708029 208.627737 223.284672 227.131387 232.204380 235.343066 236.496350 241.934307 242.722628 243.467153 244.197080 243.386861 244.452555 243.452555 241.518248 239.335766 
80.107216 78.134021 77.259794 76.028866 74.562887 72.373196 71.354639 72.092784 73.781443 74.554639 75.282474 74.063918 75.045361 74.896907 75.187629 75.878351 
123.096045 124.892655 124.621469 120.180791 114.327684 100.367232 85.819209 68.615819 59.180791 54.570621 51.418079 49.107345 49.971751 53.016949 56.124294 62.779661 
176.404040 166.838384 147.757576 128.727273 117.313131 107.525253 108.878788 116.282828 131.565657 162.868687 191.565657 201.515152 205.787879 204.949495 207.070707 209.494949 
65.353846 58.892308 54.553846 56.153846 58.084615 61.338462 62.084615 71.746154 96.223077 120.215385 145.384615 158.669231 158.246154 152.338462 148.169231 140.600000 
174.148855 173.541985 173.091603 172.404580 163.526718 173.171756 180.290076 182.988550 184.251908 185.534351 187.858779 193.660305 199.423664 202.805344 204.041985 204.332061 
127.444444 133.500000 138.629630 138.347222 137.898148 136.217593 130.828704 123.791667 111.574074 92.893519 76.152778 66.060185 61.685185 62.328704 63.550926 66.541667 
239.370370 241.900285 244.316239 244.538462 245.937322 246.441595 246.566952 246.954416 246.478632 246.461538 246.256410 245.136752 245.034188 243.606838 241.236467 239.643875 
196.174387 195.465940 195.081744 194.891008 195.569482 194.482289 194.046322 193.207084 192.171662 192.204360 192.811989 193.008174 192.188011 191.198910 190.735695 185.920981 
187.840580 175.608696 161.231884 158.826087 181.695652 203.188406 216.753623 225.753623 232.565217 236.840580 237.565217 238.550725 240.333333 240.855072 239.681159 240.101449 
96.589322 95.644764 96.919918 97.755647 97.394251 95.901437 95.564682 93.537988 91.626283 90.782341 89.494867 88.182752 87.402464 87.757700 87.344969 88.589322 
221.650943 221.735849 220.707547 218.452830 214.094340 207.254717 196.471698 189.933962 181.896226 175.952830 161.018868 147.688679 141.716981 139.028302 138.396226 137.301887 
163.464865 168.913514 171.891892 171.718919 159.151351 172.194595 171.978378 175.059459 176.270270 174.637838 165.848649 156.794595 141.983784 128.000000 117.778378 111.291892 
96.238095 90.345238 95.571429 105.559524 112.464286 89.940476 83.083333 71.071429 72.107143 76.571429 81.035714 82.035714 95.309524 115.952381 135.500000 151.738095 
178.890244 170.890244 159.390244 128.560976 125.390244 111.048780 114.134146 127.243902 119.585366 116.756098 122.012195 119.243902 116.085366 97.512195 89.000000 88.914634 
184.035714 184.738095 190.607143 181.761905 173.571429 163.083333 137.464286 109.190476 88.011905 71.750000 68.583333 70.583333 78.738095 91.440476 104.666667 116.797619 
230.535714 231.866071 231.343750 231.674107 231.580357 232.022321 230.607143 227.473214 221.830357 213.383929 204.656250 198.611607 193.441964 194.098214 197.504464 200.861607 
78.000000 132.285714 75.428571 128.285714 70.571429 112.285714 67.571429 107.428571 79.142857 91.714286 93.857143 75.571429 107.714286 66.285714 115.571429 73.000000 
88.575221 88.380531 90.592920 93.013274 98.030973 100.415929 105.429204 108.792035 115.747788 119.088496 122.792035 125.752212 124.623894 124.389381 121.831858 119.942478 
45.872180 46.879699 47.330827 54.105263 75.924812 99.631579 116.969925 121.338346 129.646617 133.255639 129.045113 128.601504 119.706767 123.759398 128.353383 126.879699 
127.627778 163.975000 172.827778 173.869444 174.844444 175.394444 174.688889 176.441667 176.525000 176.219444 175.666667 175.158333 175.077778 174.980556 174.461111 172.863889 
185.136364 189.909091 200.431818 205.272727 164.477273 207.090909 210.500000 213.181818 213.386364 211.454545 209.386364 197.477273 162.613636 109.454545 93.909091 89.863636 
86.450000 91.385714 85.935714 95.485714 99.864286 105.407143 123.878571 142.671429 159.714286 171.492857 178.214286 181.728571 183.664286 180.742857 179.442857 169.928571 
116.687075 122.197279 125.959184 125.142857 128.408163 130.190476 128.707483 124.129252 128.918367 127.496599 128.442177 116.013605 105.306122 86.755102 75.265306 67.938776 
224.627521 224.634638 224.956109 225.359431 225.005931 224.568209 224.206406 224.054567 223.625148 223.141163 223.004745 222.538553 222.250297 221.653618 221.043891 220.264531 
135.405530 138.834101 138.682028 138.686636 136.004608 134.156682 125.032258 118.866359 113.534562 106.391705 103.299539 107.769585 112.267281 116.322581 116.027650 114.972350 
57.362205 54.736220 52.068898 50.899606 50.151575 49.620079 52.675197 52.937008 54.716535 55.840551 57.309055 57.874016 58.462598 58.980315 62.807087 64.438976 
240.354978 242.497835 243.484848 243.121212 241.826840 241.471861 240.844156 239.718615 238.008658 236.519481 234.974026 230.900433 226.077922 220.987013 215.212121 211.294372 
66.326797 69.692810 84.816993 109.699346 131.450980 144.934641 151.058824 154.496732 152.529412 151.810458 148.124183 142.392157 134.483660 134.241830 141.993464 140.071895 
133.074074 136.168091 135.515670 133.396011 133.384615 135.051282 135.558405 136.076923 137.672365 136.227920 137.829060 139.954416 139.113960 133.834758 130.225071 130.022792 
212.099206 212.380952 212.242063 212.666667 213.769841 215.976190 219.234127 222.563492 225.091270 227.702381 230.900794 232.924603 234.087302 234.865079 234.638889 234.325397 
231.335294 232.388235 233.147059 233.935294 234.026471 235.123529 235.929412 236.294118 236.647059 237.150000 238.085294 238.570588 238.397059 238.258824 237.805882 237.764706 
188.444444 193.711111 195.211111 198.988889 202.100000 196.155556 179.455556 160.955556 126.222222 147.933333 116.011111 140.666667 211.833333 222.722222 228.311111 230.011111 
107.149533 109.252336 127.018692 152.719626 156.738318 183.887850 196.457944 212.065421 219.476636 221.299065 221.719626 221.990654 222.878505 223.644860 222.392523 222.130841 
218.372263 215.562044 213.248175 213.321168 120.284672 209.109489 217.788321 218.131387 217.394161 217.350365 217.927007 219.233577 219.948905 220.167883 219.678832 219.459854 
100.539326 105.179775 120.820225 136.325843 161.089888 174.831461 179.415730 184.337079 190.651685 192.662921 192.146067 190.876404 186.797753 172.988764 162.191011 150.910112 
230.463918 230.484536 230.453608 231.185567 231.783505 231.432990 229.969072 229.701031 229.309278 226.453608 221.597938 210.927835 192.804124 166.783505 151.783505 151.000000 
233.192308 230.115385 229.307692 231.980769 140.038462 228.096154 234.288462 235.057692 235.057692 236.057692 236.692308 235.711538 229.230769 208.173077 124.461538 83.326923 
79.022642 80.433962 78.750943 76.720755 78.422642 74.033962 76.743396 78.184906 88.218868 96.090566 102.475472 109.611321 112.426415 110.901887 111.716981 109.377358 
79.536842 82.800000 97.263158 121.652632 158.105263 188.568421 194.526316 194.894737 190.736842 176.463158 142.315789 94.989474 76.673684 72.221053 82.115789 95.526316 
112.385816 109.985816 107.821277 107.137589 106.773050 105.834043 106.129078 104.551773 105.556028 105.563121 105.045390 104.607092 106.238298 106.497872 106.721986 105.906383 
129.641593 123.721239 99.588496 60.522124 46.075221 42.340708 40.889381 38.610619 37.712389 37.809735 38.792035 40.438053 40.163717 41.216814 42.920354 52.539823 
182.634948 181.769896 180.698962 179.878893 178.804498 177.728374 177.039792 176.185121 175.641869 176.200692 176.610727 177.228374 177.140138 177.519031 177.266436 178.269896 
154.628743 160.085828 159.145709 158.205589 158.936128 158.972056 159.117764 159.968064 159.880240 159.654691 159.207585 159.167665 160.782435 161.552894 161.960080 162.197605 
165.072398 162.176471 158.986425 156.787330 153.755656 146.285068 143.108597 139.411765 140.692308 138.914027 142.466063 141.909502 141.203620 144.153846 145.895928 148.199095 
232.166667 232.018519 232.481481 232.851852 233.333333 235.129630 233.500000 231.000000 222.425926 199.351852 127.629630 81.722222 81.203704 73.851852 73.203704 76.444444 
78.302198 76.972527 82.725275 91.510989 98.197802 102.120879 104.439560 107.890110 105.329670 91.252747 73.362637 61.313187 53.428571 50.291209 49.950549 57.082418 
208.048576 207.981575 207.371859 207.252931 206.681742 206.266332 205.934673 205.849246 206.611390 206.710218 206.450586 206.095477 206.427136 206.552764 206.016750 203.778894 
230.938776 226.061224 216.173469 206.530612 195.367347 183.336735 171.428571 174.938776 187.071429 200.673469 213.428571 221.418367 226.142857 228.908163 230.602041 231.857143 
50.000000 47.682353 46.241176 46.235294 49.405882 53.947059 68.911765 83.300000 92.582353 90.505882 92.523529 91.647059 92.482353 89.011765 86.582353 86.629412 
74.041237 74.178694 73.797251 78.096220 75.604811 72.137457 65.429553 57.800687 51.505155 46.821306 43.237113 41.092784 40.742268 40.893471 44.082474 46.085911 
