127
63
55
44
305
294
165
71
150
116
71
85
89
123
174
332
177
224
121
95
153
274
94
105
45
52
55
31
38
22
27
17
35
75
58
33
54
91
77
104
75
47
37
32
44
80
37
87
43
34
77
50
32
106
113
200
241
580
147
110
189
66
44
32
64
526
103
191
157
122
94
70
100
70
105
95
69
53
40
57
58
162
234
96
85
177
66
74
196
336
386
92
78
69
65
45
57
68
114
71
122
86
111
45
87
64
239
315
125
79
54
115
103
63
46
42
43
39
54
71
90
225
108
91
128
144
101
243
118
111
152
132
98
119
121
170
118
143
149
112
83
86
51
34
36
48
43
32
27
115
80
112
95
122
100
51
67
45
88
53
24
22
19
17
30
27
77
60
26
43
61
31
21
34
114
48
44
59
64
62
112
331
190
95
98
144
277
91
78
210
142
174
123
140
102
95
60
167
115
137
286
182
94
105
78
111
92
71
111
88
65
114
73
127
152
49
38
26
46
95
99
105
46
40
36
48
36
32
108
126
172
66
77
57
76
40
60
215
117
64
108
151
180
54
37
41
44
30
23
176
208
133
65
55
41
72
27
124
75
46
185
269
170
77
82
86
62
96
98
93
53
33
165
192
258
154
255
121
101
65
442
283
156
90
115
213
116
73
54
43
50
71
195
487
372
169
136
55
66
52
68
72
56
227
211
150
110
215
113
71
38
24
69
101
62
53
57
143
284
452
679
198
99
111
65
39
66
35
26
44
45
92
235
141
122
125
107
122
69
64
79
120
78
82
104
83
52
36
33
75
58
83
70
103
70
179
260
190
217
84
56
61
256
155
140
141
69
38
114
121
257
137
66
128
146
61
48
51
42
31
73
245
110
103
63
121
155
103
40
33
21
18
24
181
278
173
65
57
81
189
126
208
158
228
188
110
56
89
59
91
96
62
319
116
271
137
98
271
208
139
114
258
156
56
40
50
89
43
83
229
151
103
104
130
143
77
33
99
77
70
88
72
65
90
70
48
36
53
48
34
25
25
21
54
78
54
121
87
78
136
104
201
147
63
53
150
147
79
67
57
74
61
82
233
254
65
77
127
55
141
317
162
114
106
262
248
251
89
125
137
61
71
90
164
119
103
40
120
162
241
380
285
109
123
225
195
97
87
136
179
202
190
259
249
170
81
121
134
112
60
39
90
93
70
119
76
82
80
76
106
85
56
45
62
52
87
147
347
172
269
154
98
94
103
99
252
98
175
160
103
149
156
131
110
112
82
41
79
62
57
63
98
106
85
39
24
29
17
19
27
136
93
85
46
70
61
70
51
49
33
223
75
60
112
200
293
285
169
170
107
105
65
114
105
168
160
266
170
99
176
186
177
81
88
83
76
59
38
35
115
107
253
107
59
37
22
21
230
491
134
61
280
675
332
242
148
237
249
741
441
1020
165
338
294
194
101
66
69
90
104
131
249
100
216
138
103
216
206
73
99
75
189
84
52
69
38
39
24
27
15
35
80
81
87
172
143
47
67
88
83
76
139
71
139
55
89
610
250
146
89
49
91
106
97
66
82
74
83
297
195
89
40
27
27
21
23
148
250
153
102
208
62
100
174
369
196
106
74
270
115
60
123
143
268
242
245
285
322
192
97
41
34
28
49
38
169
109
68
33
87
106
131
100
79
85
95
531
439
218
225
189
188
166
103
110
124
93
88
290
163
174
112
184
416
120
262
99
156
73
59
123
236
226
97
48
94
168
163
583
195
118
106
63
82
237
68
114
191
107
77
164
282
221
162
53
68
154
71
99
292
174
194
158
270
146
61
48
218
174
196
143
430
309
156
120
167
220
675
290
112
144
195
397
494
128
89
85
152
94
161
108
234
293
68
80
59
36
43
68
128
105
59
71
98
159
95
396
302
146
92
185
402
189
127
127
152
166
110
94
270
111
120
143
129
70
28
200
97
51
83
154
168
218
196
90
137
119
67
40
123
133
66
51
75
152
190