experimento1, experimento2, experimento3, experimento4, experimento5, experimento6, experimento7, experimento8, experimento9, experimento10, experimento11, experimento12, experimento13, experimento14, experimento15, experimento16, experimento17, experimento18, experimento19, experimento20, experimento21, experimento22, experimento23, experimento24, experimento25, experimento26, experimento27, experimento28, experimento29, experimento30
375.810595, 374.103872, 379.475269, 406.133181, 306.955720, 370.831923, 315.151391, 384.721570, 319.255228, 343.230342, 326.896016, 407.212063, 401.117421, 406.730212, 377.801338, 380.915876, 357.538361, 332.306346, 377.345082, 376.349393, 361.331755, 270.368682, 332.071164, 339.867649, 365.853925, 353.422140, 371.024843, 313.045211, 390.280448, 369.905757
310.164510, 361.977398, 370.129482, 392.429297, 306.955720, 283.370742, 315.151391, 346.609140, 319.255228, 343.230342, 326.896016, 374.103544, 370.661407, 321.018313, 334.773309, 379.213570, 357.538361, 332.306346, 377.345082, 376.349393, 320.169444, 270.368682, 332.071164, 327.189841, 357.269501, 353.422140, 348.408050, 313.045211, 390.280448, 348.347010
310.164510, 330.329560, 336.331220, 376.811601, 306.955720, 283.370742, 315.151391, 313.932864, 319.255228, 343.230342, 326.896016, 374.103544, 337.311204, 321.018313, 334.773309, 354.481509, 318.351643, 328.899771, 339.052287, 330.473729, 320.169444, 270.368682, 332.071164, 327.189841, 350.961772, 348.975429, 348.101281, 313.045211, 318.798861, 348.347010
310.164510, 330.329560, 316.040017, 337.859286, 306.955720, 283.370742, 314.711250, 313.932864, 319.255228, 343.230342, 326.896016, 342.781343, 337.311204, 321.018313, 264.612571, 354.481509, 283.374807, 320.596961, 339.052287, 325.776673, 320.169444, 270.368682, 299.488996, 314.596492, 312.667715, 348.975429, 348.101281, 313.045211, 313.547777, 348.347010
310.164510, 330.329560, 313.375054, 337.859286, 306.955720, 283.370742, 314.711250, 313.932864, 302.180227, 334.963217, 326.896016, 342.781343, 318.981645, 265.743338, 264.612571, 354.481509, 263.263982, 317.454538, 339.052287, 278.771067, 320.169444, 270.368682, 299.488996, 314.596492, 312.667715, 269.008563, 348.101281, 313.045211, 313.547777, 325.530174
310.164510, 301.365342, 313.375054, 331.727571, 306.955720, 283.370742, 314.711250, 313.932864, 302.180227, 301.220078, 326.896016, 323.724648, 318.981645, 265.743338, 264.612571, 310.050517, 263.263982, 317.454538, 334.722731, 278.771067, 320.169444, 270.368682, 258.942391, 314.596492, 312.667715, 269.008563, 348.101281, 313.045211, 313.547777, 256.944059
301.389025, 301.365342, 313.375054, 322.461376, 271.976567, 283.370742, 314.711250, 310.469974, 302.180227, 300.273305, 321.495708, 323.724648, 318.981645, 239.092875, 264.612571, 310.050517, 263.263982, 317.454538, 323.823168, 278.771067, 320.169444, 270.368682, 258.942391, 314.596492, 312.667715, 269.008563, 304.128655, 313.045211, 313.547777, 256.944059
290.121258, 301.365342, 313.375054, 272.929067, 271.976567, 283.370742, 285.829187, 310.469974, 302.180227, 300.273305, 321.495708, 323.724648, 318.981645, 239.092875, 264.612571, 310.050517, 263.263982, 317.454538, 300.930601, 278.771067, 282.368392, 270.368682, 258.942391, 278.244285, 312.667715, 269.008563, 304.128655, 313.045211, 313.547777, 256.944059
290.121258, 301.365342, 280.798332, 272.929067, 271.880577, 283.370742, 285.829187, 310.469974, 302.180227, 300.273305, 321.495708, 310.246645, 318.981645, 239.092875, 264.612571, 310.050517, 263.263982, 273.546036, 300.930601, 246.026748, 278.091894, 270.368682, 258.942391, 278.244285, 312.667715, 253.887648, 303.451474, 257.509556, 301.353456, 256.944059
290.121258, 301.365342, 280.798332, 272.929067, 271.880577, 283.370742, 285.829187, 297.146509, 302.180227, 282.534451, 311.005618, 310.246645, 297.436354, 239.092875, 264.612571, 310.050517, 263.263982, 273.546036, 300.930601, 246.026748, 278.091894, 270.368682, 258.942391, 278.244285, 312.667715, 253.887648, 303.451474, 257.509556, 270.391021, 256.944059
290.121258, 301.365342, 280.798332, 272.929067, 231.896489, 283.370742, 285.829187, 297.146509, 281.595682, 282.534451, 311.005618, 277.400146, 297.436354, 239.092875, 264.612571, 310.050517, 263.263982, 273.546036, 300.930601, 246.026748, 278.091894, 270.368682, 238.443494, 278.244285, 247.460756, 253.887648, 296.703716, 257.509556, 245.342293, 256.944059
290.121258, 298.293252, 280.798332, 272.929067, 231.896489, 283.370742, 285.829187, 297.146509, 281.595682, 282.534451, 311.005618, 277.400146, 297.436354, 239.092875, 264.612571, 257.656732, 263.263982, 273.546036, 300.930601, 246.026748, 278.091894, 270.368682, 238.443494, 278.244285, 247.460756, 253.887648, 296.703716, 257.509556, 245.342293, 256.944059
290.121258, 298.293252, 280.798332, 272.929067, 231.896489, 283.370742, 285.829187, 297.146509, 259.644331, 282.534451, 311.005618, 274.207565, 297.436354, 239.092875, 264.612571, 257.656732, 263.263982, 273.546036, 300.930601, 246.026748, 278.091894, 270.368682, 238.443494, 278.244285, 247.460756, 253.887648, 262.518659, 257.509556, 245.342293, 256.944059
267.196624, 298.293252, 280.798332, 272.929067, 231.896489, 283.370742, 285.829187, 297.146509, 259.644331, 282.534451, 311.005618, 274.207565, 240.855892, 239.092875, 264.612571, 254.654005, 263.263982, 273.546036, 300.930601, 246.026748, 264.437876, 270.368682, 238.443494, 278.244285, 247.460756, 253.887648, 262.518659, 257.509556, 245.342293, 256.944059
267.196624, 298.293252, 280.798332, 272.929067, 231.896489, 283.370742, 285.829187, 297.146509, 259.644331, 282.534451, 311.005618, 274.207565, 240.855892, 239.092875, 264.612571, 254.654005, 263.263982, 273.546036, 300.930601, 246.026748, 264.437876, 270.368682, 238.443494, 278.244285, 247.460756, 253.887648, 262.518659, 257.509556, 245.342293, 256.944059
267.196624, 290.780786, 280.798332, 272.929067, 231.896489, 282.563385, 285.829187, 287.233051, 259.644331, 265.044509, 287.280568, 274.207565, 240.855892, 239.092875, 264.612571, 254.654005, 263.263982, 262.134090, 300.930601, 246.026748, 264.437876, 270.368682, 238.443494, 278.244285, 247.460756, 253.887648, 262.518659, 257.509556, 245.342293, 256.944059
267.196624, 290.780786, 280.798332, 272.929067, 231.896489, 282.563385, 285.829187, 287.233051, 259.644331, 265.044509, 287.280568, 274.207565, 240.855892, 239.092875, 264.612571, 254.654005, 263.263982, 262.134090, 281.769892, 246.026748, 264.437876, 270.368682, 238.443494, 278.244285, 247.460756, 253.887648, 262.518659, 257.509556, 245.342293, 256.944059
267.196624, 252.257570, 280.798332, 272.929067, 231.896489, 282.563385, 285.829187, 287.233051, 259.644331, 265.044509, 287.280568, 274.207565, 240.855892, 239.092875, 264.612571, 254.654005, 263.263982, 262.134090, 281.769892, 246.026748, 264.437876, 270.368682, 238.443494, 278.244285, 247.460756, 253.887648, 262.518659, 257.509556, 245.342293, 256.944059
267.196624, 252.257570, 280.798332, 272.929067, 231.896489, 267.407960, 285.829187, 287.233051, 259.644331, 265.044509, 287.280568, 274.207565, 240.855892, 239.092875, 264.612571, 254.654005, 263.263982, 262.134090, 281.769892, 246.026748, 235.646763, 262.207257, 238.443494, 278.244285, 247.460756, 253.887648, 262.518659, 257.509556, 245.342293, 256.944059
238.645478, 252.257570, 280.798332, 272.929067, 231.896489, 267.407960, 285.829187, 287.233051, 259.644331, 265.044509, 287.280568, 274.207565, 240.855892, 239.092875, 264.612571, 254.654005, 263.263982, 262.134090, 281.769892, 246.026748, 235.646763, 262.207257, 238.443494, 278.244285, 247.460756, 253.887648, 262.518659, 257.509556, 245.342293, 256.944059
238.645478, 252.257570, 280.798332, 272.929067, 231.896489, 267.407960, 285.829187, 287.233051, 235.026631, 265.044509, 287.280568, 274.207565, 240.855892, 239.092875, 264.612571, 254.654005, 263.263982, 262.134090, 260.761195, 246.026748, 235.646763, 262.207257, 238.443494, 278.244285, 247.460756, 253.887648, 262.518659, 257.509556, 245.342293, 256.944059
238.645478, 252.257570, 280.798332, 272.929067, 231.896489, 267.407960, 285.829187, 287.233051, 235.026631, 265.044509, 287.280568, 274.207565, 240.855892, 239.092875, 264.612571, 254.654005, 263.263982, 262.134090, 260.761195, 246.026748, 235.646763, 262.207257, 238.443494, 278.244285, 247.460756, 253.887648, 262.518659, 257.509556, 245.342293, 256.944059
238.645478, 252.257570, 280.798332, 272.929067, 231.896489, 267.407960, 285.829187, 225.399842, 235.026631, 265.044509, 264.185334, 274.207565, 240.855892, 239.092875, 264.612571, 254.654005, 263.263982, 262.134090, 260.761195, 246.026748, 235.646763, 262.207257, 238.443494, 278.244285, 247.460756, 253.887648, 262.518659, 257.509556, 245.342293, 256.944059
238.645478, 252.257570, 280.798332, 272.929067, 231.896489, 267.407960, 285.829187, 225.399842, 235.026631, 265.044509, 264.185334, 274.207565, 240.855892, 239.092875, 264.612571, 254.654005, 263.263982, 262.134090, 260.761195, 246.026748, 235.646763, 262.207257, 238.443494, 277.157551, 247.460756, 253.887648, 262.518659, 257.509556, 245.342293, 256.944059
238.645478, 252.257570, 280.798332, 272.929067, 231.896489, 267.407960, 285.829187, 225.399842, 235.026631, 265.044509, 264.185334, 274.207565, 240.855892, 239.092875, 264.612571, 254.654005, 263.263982, 262.134090, 246.210731, 246.026748, 235.646763, 262.207257, 238.443494, 277.157551, 247.460756, 253.887648, 262.518659, 257.509556, 245.342293, 256.944059
238.645478, 252.257570, 280.798332, 272.929067, 231.896489, 267.407960, 285.829187, 225.399842, 235.026631, 265.044509, 264.185334, 274.207565, 240.855892, 239.092875, 264.612571, 254.654005, 263.263982, 262.134090, 246.210731, 246.026748, 235.646763, 262.207257, 238.443494, 277.157551, 247.460756, 253.887648, 262.518659, 257.509556, 245.342293, 256.944059
238.645478, 252.257570, 280.798332, 267.008712, 231.896489, 267.407960, 285.829187, 225.399842, 235.026631, 265.044509, 264.185334, 274.207565, 240.855892, 239.092875, 264.612571, 254.654005, 263.263982, 262.134090, 246.210731, 246.026748, 235.646763, 262.207257, 238.443494, 277.157551, 247.460756, 253.887648, 262.518659, 257.509556, 245.342293, 256.944059
238.645478, 252.257570, 261.081258, 267.008712, 231.896489, 267.407960, 281.615484, 225.399842, 235.026631, 265.044509, 264.185334, 263.130553, 240.855892, 239.092875, 264.612571, 254.654005, 263.263982, 262.134090, 246.210731, 246.026748, 235.646763, 262.207257, 238.443494, 277.157551, 241.423644, 253.887648, 262.518659, 257.509556, 245.342293, 256.944059
238.645478, 252.257570, 261.081258, 267.008712, 231.896489, 267.407960, 281.615484, 225.399842, 235.026631, 265.044509, 264.185334, 263.130553, 240.855892, 239.092875, 264.612571, 254.654005, 263.263982, 262.134090, 246.210731, 246.026748, 235.646763, 262.207257, 238.443494, 277.157551, 241.423644, 253.887648, 262.518659, 257.509556, 245.342293, 256.944059
238.645478, 252.257570, 261.081258, 267.008712, 231.896489, 267.407960, 281.615484, 225.399842, 235.026631, 265.044509, 264.185334, 263.130553, 240.855892, 237.250291, 264.612571, 254.654005, 263.263982, 262.134090, 246.210731, 243.327218, 235.646763, 262.207257, 238.443494, 277.157551, 241.423644, 253.887648, 262.518659, 257.509556, 245.342293, 256.944059
238.645478, 252.257570, 261.081258, 267.008712, 231.896489, 267.407960, 281.615484, 225.399842, 235.026631, 265.044509, 264.185334, 263.130553, 240.855892, 237.250291, 264.612571, 254.654005, 263.263982, 262.134090, 246.210731, 243.327218, 235.646763, 262.207257, 238.443494, 277.157551, 241.423644, 253.887648, 262.518659, 257.509556, 245.342293, 256.944059
238.645478, 252.257570, 261.081258, 267.008712, 231.896489, 267.407960, 269.517387, 225.399842, 235.026631, 265.044509, 264.185334, 256.241941, 240.855892, 237.250291, 239.704781, 254.654005, 263.263982, 262.134090, 246.210731, 243.327218, 235.646763, 262.207257, 238.443494, 277.157551, 241.423644, 253.887648, 262.518659, 257.509556, 245.342293, 256.944059
238.645478, 252.257570, 261.081258, 267.008712, 231.896489, 267.407960, 269.517387, 225.399842, 235.026631, 265.044509, 264.185334, 256.241941, 240.855892, 232.043514, 239.704781, 254.654005, 263.263982, 262.134090, 246.210731, 243.327218, 235.646763, 262.207257, 238.443494, 277.157551, 241.423644, 253.887648, 262.518659, 257.509556, 245.342293, 256.944059
238.645478, 252.257570, 250.085577, 267.008712, 231.896489, 267.407960, 269.517387, 225.399842, 235.026631, 265.044509, 264.185334, 245.892561, 240.855892, 232.043514, 239.704781, 254.654005, 263.263982, 262.134090, 246.210731, 238.933156, 235.646763, 262.207257, 238.443494, 277.157551, 241.423644, 253.887648, 233.525676, 257.509556, 245.342293, 256.944059
238.645478, 252.257570, 250.085577, 267.008712, 231.896489, 267.407960, 269.517387, 225.399842, 235.026631, 265.044509, 264.185334, 245.892561, 240.855892, 232.043514, 239.704781, 254.654005, 263.263982, 262.134090, 246.210731, 238.933156, 235.646763, 262.207257, 238.443494, 277.157551, 241.423644, 253.887648, 233.525676, 257.509556, 245.342293, 256.944059
238.645478, 252.257570, 250.085577, 267.008712, 231.896489, 267.407960, 269.517387, 225.399842, 235.026631, 265.044509, 264.185334, 245.892561, 240.855892, 232.043514, 239.704781, 254.654005, 263.263982, 262.134090, 246.210731, 238.933156, 235.646763, 262.207257, 238.443494, 277.157551, 241.423644, 253.887648, 233.525676, 257.509556, 245.342293, 256.944059
238.645478, 252.257570, 250.085577, 267.008712, 231.896489, 267.407960, 269.517387, 225.399842, 235.026631, 258.931481, 264.185334, 245.892561, 240.855892, 232.043514, 229.979267, 254.654005, 263.263982, 262.134090, 246.210731, 238.933156, 235.646763, 262.207257, 238.443494, 264.166266, 241.423644, 253.887648, 233.525676, 257.509556, 245.342293, 256.944059
238.645478, 252.257570, 250.085577, 267.008712, 231.896489, 267.407960, 269.517387, 225.399842, 235.026631, 258.931481, 264.185334, 245.892561, 232.618704, 232.043514, 229.979267, 254.654005, 263.263982, 262.134090, 246.210731, 238.933156, 235.646763, 262.207257, 238.443494, 264.166266, 241.423644, 253.887648, 233.525676, 257.509556, 245.342293, 256.944059
238.645478, 252.257570, 250.085577, 267.008712, 231.896489, 267.407960, 269.517387, 225.399842, 235.026631, 258.931481, 264.185334, 245.892561, 232.618704, 232.043514, 229.979267, 254.654005, 263.263982, 262.134090, 246.210731, 238.933156, 235.646763, 262.207257, 238.443494, 264.166266, 241.423644, 253.887648, 233.525676, 257.509556, 245.342293, 256.944059
238.645478, 252.257570, 250.085577, 267.008712, 231.896489, 267.407960, 269.517387, 225.399842, 235.026631, 258.931481, 264.185334, 245.892561, 232.618704, 232.043514, 229.979267, 254.654005, 263.263982, 262.134090, 246.210731, 238.933156, 235.646763, 262.207257, 238.443494, 264.166266, 241.423644, 253.887648, 233.525676, 257.509556, 245.342293, 256.944059
238.645478, 252.257570, 250.085577, 267.008712, 231.896489, 267.407960, 269.517387, 225.399842, 235.026631, 258.931481, 264.185334, 243.464820, 232.618704, 232.043514, 229.979267, 254.654005, 263.263982, 262.134090, 240.070842, 238.933156, 235.646763, 262.207257, 238.443494, 264.166266, 241.423644, 253.887648, 233.525676, 257.509556, 245.342293, 256.944059
238.645478, 252.257570, 250.085577, 249.358762, 231.896489, 257.699184, 269.517387, 225.399842, 235.026631, 258.931481, 264.185334, 243.464820, 232.618704, 232.043514, 229.979267, 254.654005, 263.263982, 262.134090, 240.070842, 238.933156, 235.646763, 262.207257, 238.443494, 264.166266, 241.423644, 253.887648, 233.525676, 257.509556, 245.342293, 256.944059
238.645478, 252.257570, 250.085577, 249.358762, 231.896489, 257.699184, 269.517387, 225.399842, 235.026631, 258.931481, 264.185334, 243.464820, 232.618704, 232.043514, 229.979267, 254.654005, 263.263982, 262.134090, 240.070842, 238.933156, 235.646763, 229.800651, 238.443494, 264.166266, 241.423644, 253.887648, 233.525676, 257.509556, 245.342293, 256.944059
238.645478, 241.727930, 250.085577, 222.501083, 231.896489, 257.699184, 269.517387, 225.399842, 235.026631, 258.931481, 264.185334, 243.464820, 232.618704, 232.043514, 229.979267, 254.654005, 263.263982, 262.134090, 240.070842, 213.952208, 235.646763, 229.800651, 238.443494, 241.702092, 241.423644, 253.887648, 233.525676, 257.509556, 245.342293, 256.944059
238.645478, 241.727930, 250.085577, 222.501083, 231.896489, 257.699184, 269.517387, 225.399842, 235.026631, 258.931481, 264.185334, 243.464820, 232.618704, 232.043514, 229.979267, 254.654005, 263.263982, 259.562217, 240.070842, 213.952208, 235.646763, 229.800651, 238.443494, 241.702092, 241.423644, 253.887648, 233.525676, 257.509556, 245.342293, 256.944059
238.645478, 241.727930, 250.085577, 222.501083, 231.896489, 257.699184, 269.517387, 225.399842, 235.026631, 258.931481, 264.185334, 243.464820, 232.618704, 232.043514, 229.979267, 254.654005, 263.263982, 258.713478, 240.070842, 213.952208, 235.646763, 229.800651, 238.443494, 241.702092, 241.423644, 253.887648, 233.525676, 257.509556, 245.342293, 256.944059
238.645478, 241.727930, 250.085577, 222.501083, 231.896489, 257.699184, 269.517387, 225.399842, 235.026631, 258.931481, 264.185334, 243.464820, 232.618704, 232.043514, 229.979267, 254.654005, 263.263982, 258.713478, 240.070842, 213.952208, 235.646763, 229.800651, 238.443494, 241.702092, 241.423644, 253.887648, 233.525676, 257.509556, 245.342293, 256.944059
238.645478, 241.727930, 250.085577, 222.501083, 231.896489, 257.699184, 269.517387, 225.399842, 235.026631, 258.931481, 251.258156, 243.464820, 232.618704, 232.043514, 229.979267, 254.654005, 263.263982, 258.713478, 240.070842, 213.952208, 235.646763, 229.800651, 238.443494, 241.702092, 241.423644, 253.887648, 233.525676, 257.509556, 245.342293, 256.944059
238.645478, 241.727930, 250.085577, 222.501083, 231.896489, 257.699184, 269.517387, 225.399842, 235.026631, 258.931481, 251.258156, 243.464820, 232.618704, 232.043514, 229.979267, 254.654005, 263.263982, 244.161755, 240.070842, 213.952208, 235.646763, 229.800651, 238.443494, 241.702092, 241.423644, 253.887648, 233.525676, 257.509556, 245.342293, 256.944059
238.645478, 241.727930, 237.625064, 222.501083, 231.896489, 257.699184, 269.517387, 225.399842, 235.026631, 258.931481, 251.258156, 243.464820, 232.618704, 232.043514, 229.979267, 254.654005, 263.263982, 244.161755, 240.070842, 213.952208, 235.646763, 229.800651, 238.443494, 241.702092, 241.423644, 253.887648, 233.525676, 257.509556, 245.342293, 256.944059
226.293821, 241.727930, 237.625064, 222.501083, 231.896489, 257.699184, 269.517387, 225.399842, 235.026631, 258.931481, 251.258156, 243.464820, 232.618704, 232.043514, 229.979267, 254.654005, 263.263982, 244.161755, 240.070842, 213.952208, 235.646763, 229.800651, 238.443494, 241.702092, 241.423644, 253.887648, 233.525676, 257.509556, 245.342293, 256.944059
226.293821, 240.003165, 237.625064, 222.501083, 231.896489, 257.699184, 269.517387, 225.399842, 235.026631, 258.931481, 251.258156, 243.464820, 232.618704, 232.043514, 229.979267, 254.654005, 263.263982, 244.161755, 240.070842, 213.952208, 235.646763, 229.800651, 238.443494, 241.702092, 241.423644, 253.887648, 233.525676, 257.509556, 245.342293, 256.944059
226.293821, 240.003165, 237.625064, 222.501083, 231.896489, 257.699184, 269.517387, 225.399842, 235.026631, 258.931481, 251.258156, 243.464820, 232.618704, 232.043514, 229.979267, 254.654005, 263.263982, 244.161755, 240.070842, 213.952208, 235.646763, 229.800651, 238.443494, 241.702092, 240.841832, 253.887648, 233.525676, 257.509556, 245.342293, 256.944059
226.293821, 240.003165, 237.625064, 222.501083, 231.896489, 245.805439, 269.406887, 225.399842, 235.026631, 258.931481, 251.258156, 243.464820, 232.618704, 232.043514, 229.979267, 254.654005, 263.263982, 244.161755, 240.070842, 213.952208, 235.646763, 229.800651, 238.443494, 241.702092, 240.841832, 253.887648, 233.525676, 257.509556, 245.342293, 256.944059
226.293821, 240.003165, 237.625064, 222.501083, 231.896489, 245.805439, 269.406887, 225.399842, 235.026631, 258.931481, 251.258156, 243.464820, 232.618704, 232.043514, 229.979267, 254.654005, 263.263982, 244.161755, 240.070842, 213.952208, 235.646763, 229.800651, 238.443494, 241.702092, 240.841832, 253.887648, 233.525676, 257.509556, 245.342293, 256.944059
226.293821, 240.003165, 237.625064, 222.501083, 231.896489, 245.805439, 269.406887, 225.399842, 235.026631, 258.931481, 251.258156, 243.464820, 228.882495, 232.043514, 229.979267, 254.654005, 263.263982, 244.161755, 240.070842, 213.952208, 235.646763, 229.800651, 238.443494, 234.824520, 219.093745, 253.887648, 233.525676, 257.509556, 245.342293, 256.944059
226.293821, 240.003165, 237.625064, 222.501083, 231.896489, 245.805439, 269.406887, 225.399842, 235.026631, 258.931481, 251.258156, 243.464820, 228.882495, 232.043514, 229.979267, 254.654005, 263.263982, 244.161755, 240.070842, 213.952208, 235.646763, 229.800651, 238.443494, 234.824520, 219.093745, 236.782023, 233.525676, 241.384096, 245.342293, 256.944059
226.293821, 240.003165, 237.625064, 222.501083, 231.896489, 245.805439, 269.406887, 225.399842, 235.026631, 258.931481, 251.258156, 243.464820, 228.882495, 232.043514, 229.979267, 254.654005, 263.263982, 244.161755, 240.070842, 213.952208, 235.646763, 229.800651, 238.443494, 234.824520, 219.093745, 236.782023, 233.525676, 241.384096, 245.342293, 256.944059
226.293821, 240.003165, 237.625064, 222.501083, 231.896489, 245.805439, 269.406887, 225.399842, 235.026631, 258.931481, 251.258156, 243.464820, 228.882495, 232.043514, 229.979267, 254.654005, 263.263982, 244.161755, 240.070842, 213.952208, 235.646763, 229.800651, 238.443494, 234.824520, 219.093745, 236.782023, 233.525676, 241.384096, 245.342293, 256.944059
226.293821, 240.003165, 237.625064, 222.501083, 231.896489, 245.805439, 262.369713, 225.399842, 235.026631, 258.931481, 251.258156, 243.464820, 228.882495, 232.043514, 229.979267, 254.654005, 263.263982, 244.161755, 240.070842, 213.952208, 235.646763, 229.800651, 238.443494, 234.824520, 219.093745, 236.782023, 233.525676, 241.384096, 245.342293, 256.944059
226.293821, 240.003165, 237.625064, 222.501083, 231.896489, 245.805439, 262.369713, 225.399842, 235.026631, 258.931481, 251.258156, 243.464820, 228.882495, 232.043514, 229.979267, 254.654005, 263.263982, 244.161755, 240.070842, 213.952208, 235.646763, 229.800651, 238.443494, 234.824520, 219.093745, 236.782023, 233.525676, 241.384096, 245.342293, 256.944059
226.293821, 240.003165, 237.625064, 222.501083, 231.896489, 245.805439, 262.369713, 225.399842, 235.026631, 241.003572, 251.258156, 243.464820, 228.882495, 232.043514, 229.979267, 254.654005, 263.263982, 244.161755, 240.070842, 213.952208, 235.646763, 229.800651, 238.443494, 234.824520, 219.093745, 236.782023, 233.525676, 241.384096, 245.342293, 256.944059
226.293821, 240.003165, 237.625064, 222.501083, 231.896489, 245.805439, 262.369713, 225.399842, 235.026631, 241.003572, 251.258156, 243.464820, 228.882495, 232.043514, 229.979267, 254.654005, 263.263982, 244.161755, 240.070842, 213.952208, 235.646763, 229.800651, 238.443494, 234.824520, 219.093745, 236.782023, 233.525676, 241.384096, 245.342293, 256.944059
226.293821, 240.003165, 237.625064, 222.501083, 231.896489, 245.805439, 262.369713, 225.399842, 235.026631, 241.003572, 251.258156, 243.464820, 228.882495, 232.043514, 229.979267, 254.654005, 263.263982, 244.161755, 240.070842, 213.952208, 235.646763, 229.800651, 238.443494, 234.824520, 219.093745, 236.782023, 233.525676, 241.384096, 245.342293, 256.944059
226.293821, 240.003165, 237.625064, 222.501083, 231.896489, 245.805439, 262.369713, 225.399842, 235.026631, 241.003572, 251.258156, 243.464820, 228.882495, 232.043514, 229.979267, 254.654005, 263.263982, 244.161755, 240.070842, 213.952208, 235.646763, 229.800651, 238.443494, 234.824520, 219.093745, 236.782023, 233.525676, 241.384096, 245.342293, 256.944059
226.293821, 240.003165, 237.625064, 222.501083, 231.896489, 245.805439, 229.705087, 225.399842, 204.449082, 241.003572, 251.258156, 238.001646, 228.882495, 232.043514, 229.979267, 254.654005, 263.263982, 244.161755, 240.070842, 213.952208, 235.646763, 229.800651, 238.443494, 234.824520, 219.093745, 236.782023, 233.525676, 241.384096, 245.342293, 256.944059
226.293821, 240.003165, 237.625064, 222.501083, 231.896489, 245.805439, 229.705087, 225.399842, 204.449082, 241.003572, 251.258156, 238.001646, 228.882495, 232.043514, 229.979267, 254.654005, 263.263982, 244.161755, 240.070842, 213.952208, 235.646763, 229.800651, 238.443494, 234.824520, 219.093745, 236.782023, 233.525676, 241.384096, 245.342293, 256.944059
226.293821, 240.003165, 237.625064, 222.501083, 231.896489, 245.805439, 224.774339, 225.399842, 204.449082, 241.003572, 251.258156, 238.001646, 228.882495, 232.043514, 227.688682, 254.654005, 263.263982, 244.161755, 240.070842, 213.952208, 235.646763, 229.800651, 238.443494, 234.824520, 219.093745, 236.782023, 233.525676, 241.384096, 245.342293, 256.944059
226.293821, 240.003165, 237.625064, 222.501083, 231.896489, 245.805439, 224.774339, 225.399842, 204.449082, 241.003572, 251.258156, 238.001646, 228.882495, 232.043514, 227.688682, 254.654005, 247.553692, 244.161755, 240.070842, 213.952208, 235.646763, 229.800651, 238.443494, 234.824520, 219.093745, 236.782023, 233.525676, 241.384096, 245.342293, 256.944059
226.293821, 240.003165, 237.625064, 222.501083, 231.896489, 245.805439, 224.774339, 225.399842, 204.449082, 241.003572, 251.258156, 238.001646, 228.882495, 232.043514, 227.688682, 254.654005, 247.553692, 244.161755, 240.070842, 213.952208, 235.646763, 197.318694, 238.443494, 234.824520, 219.093745, 236.782023, 233.525676, 241.384096, 245.342293, 256.944059
226.293821, 240.003165, 237.625064, 222.501083, 231.896489, 245.805439, 224.774339, 225.399842, 204.449082, 241.003572, 251.258156, 238.001646, 228.882495, 232.043514, 227.688682, 254.654005, 247.553692, 244.161755, 240.070842, 213.952208, 235.646763, 197.318694, 238.443494, 234.824520, 219.093745, 236.782023, 233.525676, 241.384096, 245.342293, 256.944059
226.293821, 240.003165, 237.625064, 222.501083, 231.896489, 245.805439, 224.774339, 225.399842, 204.449082, 241.003572, 251.258156, 238.001646, 228.882495, 232.043514, 227.688682, 254.654005, 247.553692, 244.161755, 240.070842, 213.952208, 235.646763, 197.318694, 238.443494, 234.824520, 219.093745, 236.782023, 233.525676, 241.384096, 245.342293, 256.944059
226.293821, 240.003165, 237.625064, 222.501083, 231.896489, 238.835659, 224.774339, 225.399842, 204.449082, 241.003572, 251.258156, 238.001646, 228.882495, 232.043514, 227.688682, 254.654005, 247.553692, 244.161755, 240.070842, 213.952208, 235.646763, 197.318694, 238.443494, 234.824520, 219.093745, 236.782023, 233.525676, 241.384096, 245.342293, 256.944059
226.293821, 240.003165, 237.625064, 222.501083, 231.896489, 238.835659, 224.774339, 225.399842, 204.449082, 241.003572, 251.258156, 238.001646, 228.882495, 232.043514, 227.688682, 254.654005, 247.553692, 244.161755, 240.070842, 213.952208, 235.646763, 197.318694, 238.443494, 234.824520, 219.093745, 236.782023, 233.525676, 241.384096, 245.342293, 256.944059
226.293821, 240.003165, 237.625064, 222.501083, 231.896489, 238.835659, 224.774339, 225.399842, 204.449082, 241.003572, 251.258156, 222.246612, 228.882495, 232.043514, 227.688682, 254.654005, 247.553692, 244.161755, 240.070842, 213.952208, 235.646763, 197.318694, 238.443494, 234.824520, 219.093745, 236.782023, 233.525676, 241.384096, 245.342293, 256.944059
226.293821, 240.003165, 237.625064, 222.501083, 231.896489, 238.835659, 224.774339, 225.399842, 204.449082, 241.003572, 251.258156, 222.246612, 228.882495, 232.043514, 227.688682, 254.654005, 247.553692, 244.161755, 240.070842, 213.952208, 235.646763, 197.318694, 238.443494, 234.824520, 219.093745, 236.782023, 233.525676, 241.384096, 245.342293, 256.944059
226.293821, 240.003165, 237.625064, 222.501083, 231.896489, 238.835659, 224.774339, 225.399842, 204.449082, 241.003572, 251.258156, 222.246612, 228.882495, 232.043514, 227.688682, 254.654005, 247.553692, 244.161755, 240.070842, 213.952208, 229.173758, 197.318694, 238.443494, 234.824520, 219.093745, 236.782023, 233.525676, 241.384096, 245.342293, 256.944059
226.293821, 240.003165, 237.625064, 222.501083, 231.896489, 238.835659, 224.774339, 225.399842, 204.449082, 241.003572, 224.173608, 222.246612, 228.882495, 232.043514, 227.688682, 254.654005, 247.553692, 244.161755, 240.070842, 213.952208, 229.173758, 197.318694, 238.443494, 234.824520, 219.093745, 236.782023, 233.525676, 241.384096, 245.342293, 256.944059
226.293821, 240.003165, 237.625064, 222.501083, 231.896489, 238.835659, 224.774339, 225.399842, 204.449082, 241.003572, 224.173608, 222.246612, 228.882495, 232.043514, 227.688682, 254.654005, 247.553692, 244.161755, 240.070842, 213.952208, 229.173758, 197.318694, 238.443494, 234.824520, 219.093745, 236.782023, 233.525676, 241.384096, 245.342293, 236.671440
226.293821, 240.003165, 237.625064, 222.501083, 231.896489, 238.835659, 224.774339, 225.399842, 204.449082, 241.003572, 224.173608, 222.246612, 228.882495, 232.043514, 227.688682, 254.654005, 247.553692, 244.161755, 240.070842, 213.952208, 229.173758, 197.318694, 238.443494, 234.824520, 219.093745, 236.782023, 233.525676, 235.202926, 245.342293, 236.671440
226.293821, 240.003165, 237.625064, 222.501083, 231.896489, 238.835659, 224.774339, 225.399842, 204.449082, 241.003572, 224.173608, 222.246612, 228.882495, 232.043514, 227.688682, 254.654005, 247.553692, 244.161755, 240.070842, 213.952208, 229.173758, 197.318694, 238.443494, 234.824520, 219.093745, 236.782023, 233.525676, 235.202926, 245.342293, 236.671440
226.293821, 240.003165, 237.625064, 222.501083, 231.896489, 238.835659, 224.774339, 225.399842, 204.449082, 241.003572, 224.173608, 222.246612, 228.882495, 232.043514, 227.688682, 254.654005, 247.553692, 244.161755, 240.070842, 199.679553, 229.173758, 197.318694, 238.443494, 234.824520, 219.093745, 236.782023, 233.525676, 235.202926, 245.342293, 236.671440
226.293821, 240.003165, 237.625064, 222.501083, 231.896489, 238.835659, 224.774339, 225.399842, 204.449082, 241.003572, 224.173608, 222.246612, 228.882495, 232.043514, 227.688682, 254.654005, 247.553692, 244.161755, 240.070842, 199.679553, 229.173758, 197.318694, 238.443494, 234.824520, 219.093745, 236.782023, 233.525676, 235.202926, 245.342293, 236.671440
226.293821, 240.003165, 237.625064, 222.501083, 231.896489, 238.835659, 224.774339, 225.399842, 204.449082, 241.003572, 224.173608, 222.246612, 228.882495, 232.043514, 227.688682, 254.654005, 247.553692, 244.161755, 240.070842, 199.679553, 229.173758, 197.318694, 238.443494, 234.824520, 219.093745, 236.782023, 233.525676, 235.202926, 245.342293, 236.671440
226.293821, 240.003165, 237.625064, 222.501083, 231.896489, 238.835659, 224.774339, 225.399842, 204.449082, 241.003572, 224.173608, 222.246612, 228.882495, 232.043514, 227.688682, 254.654005, 247.553692, 244.161755, 240.070842, 199.679553, 229.173758, 197.318694, 238.443494, 234.824520, 219.093745, 236.782023, 233.525676, 235.202926, 245.342293, 236.671440
226.293821, 240.003165, 237.625064, 222.501083, 231.896489, 238.835659, 224.774339, 225.399842, 204.449082, 241.003572, 224.173608, 222.246612, 228.882495, 232.043514, 227.688682, 254.654005, 247.553692, 244.161755, 240.070842, 199.679553, 229.173758, 197.318694, 238.443494, 234.824520, 219.093745, 236.782023, 233.525676, 235.202926, 245.342293, 236.671440
226.293821, 240.003165, 237.625064, 222.501083, 231.896489, 238.835659, 224.774339, 225.399842, 204.449082, 241.003572, 224.173608, 222.246612, 228.882495, 232.043514, 227.688682, 254.654005, 247.553692, 244.161755, 240.070842, 199.679553, 229.173758, 197.318694, 238.443494, 234.824520, 219.093745, 236.782023, 233.525676, 235.202926, 245.342293, 236.671440
226.293821, 240.003165, 237.625064, 222.501083, 230.168376, 238.835659, 224.774339, 225.399842, 204.449082, 241.003572, 224.173608, 222.246612, 228.882495, 232.043514, 227.688682, 254.654005, 247.553692, 244.161755, 240.070842, 199.679553, 229.173758, 197.318694, 238.443494, 234.824520, 219.093745, 236.782023, 233.525676, 235.202926, 245.342293, 236.671440
226.293821, 240.003165, 237.625064, 222.501083, 230.168376, 238.835659, 224.774339, 225.399842, 204.449082, 241.003572, 224.173608, 222.246612, 228.882495, 232.043514, 227.688682, 254.654005, 247.553692, 244.161755, 240.070842, 199.679553, 229.173758, 197.318694, 238.443494, 234.824520, 219.093745, 236.782023, 233.525676, 235.202926, 245.342293, 236.671440
226.293821, 240.003165, 237.625064, 222.501083, 230.168376, 238.835659, 224.774339, 225.399842, 204.449082, 241.003572, 224.173608, 222.246612, 228.882495, 232.043514, 227.688682, 254.654005, 247.553692, 244.161755, 240.070842, 199.679553, 229.173758, 197.318694, 238.443494, 234.824520, 219.093745, 236.782023, 233.525676, 235.202926, 245.342293, 236.671440
226.293821, 240.003165, 237.625064, 222.501083, 230.168376, 238.835659, 224.774339, 225.399842, 204.449082, 241.003572, 224.173608, 222.246612, 228.882495, 232.043514, 227.688682, 254.654005, 247.553692, 244.161755, 240.070842, 199.679553, 229.173758, 197.318694, 238.443494, 234.824520, 219.093745, 236.782023, 233.525676, 235.202926, 245.342293, 236.671440
226.293821, 240.003165, 237.625064, 222.501083, 230.168376, 238.835659, 224.774339, 225.399842, 204.449082, 241.003572, 224.173608, 222.246612, 228.882495, 232.043514, 227.688682, 254.654005, 247.553692, 244.161755, 240.070842, 199.679553, 229.173758, 197.318694, 238.443494, 234.824520, 219.093745, 236.782023, 233.525676, 235.202926, 245.342293, 236.671440
226.293821, 240.003165, 237.625064, 222.501083, 230.168376, 238.835659, 224.774339, 225.399842, 204.449082, 241.003572, 224.173608, 222.246612, 228.882495, 232.043514, 227.688682, 254.654005, 247.553692, 244.161755, 240.070842, 199.679553, 229.173758, 197.318694, 238.443494, 234.824520, 219.093745, 236.782023, 233.525676, 235.202926, 245.342293, 236.671440
226.293821, 240.003165, 237.625064, 222.501083, 230.168376, 238.835659, 224.774339, 225.399842, 204.449082, 241.003572, 224.173608, 222.246612, 228.882495, 232.043514, 227.688682, 254.654005, 247.553692, 244.161755, 240.070842, 199.679553, 229.173758, 197.318694, 238.443494, 234.824520, 219.093745, 236.782023, 233.525676, 235.202926, 245.342293, 236.671440
226.293821, 240.003165, 237.625064, 222.501083, 230.168376, 238.835659, 224.774339, 225.399842, 204.449082, 241.003572, 224.173608, 204.796083, 228.882495, 232.043514, 227.688682, 254.654005, 247.553692, 244.161755, 240.070842, 199.679553, 229.173758, 197.318694, 238.443494, 234.824520, 219.093745, 236.782023, 233.525676, 235.202926, 245.342293, 236.671440
226.293821, 240.003165, 237.625064, 222.501083, 230.168376, 238.835659, 224.774339, 225.399842, 204.449082, 241.003572, 224.173608, 204.796083, 228.882495, 232.043514, 227.688682, 254.654005, 247.553692, 244.161755, 240.070842, 199.679553, 229.173758, 197.318694, 238.443494, 234.824520, 219.093745, 236.782023, 233.525676, 235.202926, 245.342293, 236.671440
226.293821, 240.003165, 237.625064, 222.501083, 230.168376, 238.835659, 224.774339, 225.399842, 204.449082, 241.003572, 224.173608, 204.796083, 228.882495, 232.043514, 227.688682, 254.654005, 247.553692, 244.161755, 240.070842, 199.679553, 229.173758, 197.318694, 238.443494, 234.824520, 219.093745, 236.782023, 233.525676, 235.202926, 245.342293, 236.671440
226.293821, 240.003165, 237.625064, 222.501083, 230.168376, 238.835659, 224.774339, 225.399842, 204.449082, 241.003572, 224.173608, 204.796083, 228.882495, 232.043514, 227.688682, 254.654005, 247.553692, 244.161755, 240.070842, 199.679553, 229.173758, 197.318694, 238.443494, 234.824520, 219.093745, 236.782023, 233.525676, 235.202926, 245.342293, 236.671440
226.293821, 240.003165, 237.625064, 222.501083, 230.168376, 238.835659, 224.774339, 225.399842, 204.449082, 241.003572, 224.173608, 204.796083, 228.882495, 229.683393, 227.688682, 254.654005, 247.553692, 244.161755, 240.070842, 199.679553, 229.173758, 197.318694, 238.443494, 234.824520, 219.093745, 236.782023, 233.525676, 235.202926, 245.342293, 236.671440
226.293821, 240.003165, 237.625064, 222.501083, 230.168376, 238.835659, 224.774339, 225.399842, 204.449082, 241.003572, 224.173608, 204.796083, 228.882495, 229.683393, 227.688682, 254.654005, 247.553692, 244.161755, 240.070842, 199.679553, 229.173758, 197.318694, 238.443494, 234.824520, 219.093745, 236.782023, 233.525676, 235.202926, 245.342293, 236.671440
226.293821, 240.003165, 237.625064, 222.501083, 230.168376, 238.835659, 224.774339, 225.399842, 204.449082, 241.003572, 224.173608, 204.796083, 228.882495, 229.683393, 227.688682, 254.654005, 247.553692, 244.161755, 240.070842, 199.679553, 229.173758, 197.318694, 238.443494, 234.824520, 219.093745, 236.782023, 233.525676, 235.202926, 245.342293, 236.671440
226.293821, 240.003165, 237.625064, 222.501083, 230.168376, 238.835659, 224.774339, 225.399842, 204.449082, 241.003572, 224.173608, 204.796083, 228.882495, 229.683393, 227.688682, 246.466675, 247.553692, 244.161755, 240.070842, 199.679553, 229.173758, 197.318694, 238.443494, 234.824520, 219.093745, 236.782023, 233.525676, 235.202926, 245.342293, 236.671440
226.293821, 240.003165, 237.625064, 222.501083, 230.168376, 238.835659, 224.774339, 225.399842, 204.449082, 241.003572, 224.173608, 204.796083, 228.882495, 229.683393, 227.688682, 246.466675, 247.553692, 244.161755, 240.070842, 199.679553, 229.173758, 197.318694, 238.443494, 234.824520, 219.093745, 236.782023, 233.525676, 235.202926, 245.342293, 236.671440
226.293821, 240.003165, 237.625064, 222.501083, 230.168376, 238.835659, 224.774339, 225.399842, 204.449082, 241.003572, 224.173608, 204.796083, 228.882495, 229.683393, 227.688682, 246.466675, 247.553692, 244.161755, 240.070842, 199.679553, 229.173758, 197.318694, 238.443494, 234.824520, 219.093745, 236.782023, 233.525676, 235.202926, 245.342293, 236.671440
226.293821, 240.003165, 237.625064, 222.501083, 230.168376, 238.835659, 224.774339, 225.399842, 204.449082, 241.003572, 224.173608, 204.796083, 228.882495, 229.683393, 227.688682, 246.466675, 247.553692, 244.161755, 240.070842, 199.679553, 229.173758, 197.318694, 238.443494, 234.824520, 219.093745, 236.782023, 233.525676, 235.202926, 245.342293, 236.671440
226.293821, 240.003165, 237.625064, 222.501083, 230.168376, 238.835659, 224.774339, 225.399842, 204.449082, 241.003572, 224.173608, 204.796083, 228.882495, 229.683393, 227.688682, 246.466675, 247.553692, 244.161755, 240.070842, 199.679553, 229.173758, 197.318694, 238.443494, 234.824520, 219.093745, 236.782023, 233.525676, 235.202926, 245.342293, 236.671440
226.293821, 240.003165, 237.625064, 222.501083, 230.168376, 238.835659, 224.774339, 225.399842, 204.449082, 241.003572, 224.173608, 204.796083, 228.882495, 229.683393, 227.688682, 246.466675, 247.553692, 244.161755, 240.070842, 199.679553, 229.173758, 197.318694, 238.443494, 234.824520, 219.093745, 236.782023, 233.525676, 235.202926, 245.342293, 236.671440
226.293821, 240.003165, 237.625064, 222.501083, 230.168376, 238.835659, 224.774339, 225.399842, 204.449082, 241.003572, 224.173608, 204.796083, 228.882495, 229.683393, 227.688682, 246.466675, 247.553692, 244.161755, 240.070842, 199.679553, 229.173758, 197.318694, 238.443494, 234.824520, 219.093745, 236.782023, 233.525676, 235.202926, 245.342293, 236.671440
226.293821, 240.003165, 237.625064, 222.501083, 230.168376, 238.835659, 224.774339, 225.399842, 204.449082, 241.003572, 224.173608, 204.796083, 228.882495, 229.683393, 227.688682, 246.466675, 247.553692, 238.059022, 240.070842, 199.679553, 229.173758, 197.318694, 238.443494, 234.824520, 219.093745, 236.782023, 233.525676, 235.202926, 245.342293, 236.671440
226.293821, 240.003165, 237.625064, 222.501083, 230.168376, 238.835659, 224.774339, 225.399842, 204.449082, 241.003572, 224.173608, 204.796083, 228.882495, 229.683393, 227.688682, 246.466675, 247.553692, 238.059022, 240.070842, 199.679553, 229.173758, 197.318694, 238.443494, 234.824520, 219.093745, 236.782023, 233.525676, 235.202926, 245.342293, 236.671440
226.293821, 240.003165, 237.625064, 222.501083, 230.168376, 238.835659, 224.774339, 225.399842, 204.449082, 241.003572, 224.173608, 204.796083, 228.882495, 229.683393, 227.688682, 246.466675, 205.362512, 238.059022, 240.070842, 199.679553, 229.173758, 197.318694, 238.443494, 234.824520, 219.093745, 236.782023, 233.525676, 235.202926, 245.342293, 236.671440
226.293821, 240.003165, 237.625064, 222.501083, 230.168376, 238.835659, 224.774339, 225.399842, 204.449082, 241.003572, 224.173608, 204.796083, 228.882495, 229.683393, 227.688682, 246.466675, 205.362512, 238.059022, 240.070842, 199.679553, 229.173758, 197.318694, 238.443494, 234.824520, 219.093745, 236.782023, 233.525676, 235.202926, 245.342293, 236.671440
226.293821, 240.003165, 237.625064, 222.501083, 230.168376, 238.835659, 224.774339, 225.399842, 204.449082, 241.003572, 224.173608, 204.796083, 228.882495, 229.683393, 227.688682, 246.466675, 205.362512, 238.059022, 240.070842, 199.679553, 229.173758, 197.318694, 238.443494, 234.824520, 219.093745, 236.782023, 233.525676, 235.202926, 245.342293, 236.671440
226.293821, 240.003165, 237.625064, 222.501083, 230.168376, 238.835659, 224.774339, 225.399842, 204.449082, 241.003572, 224.173608, 204.796083, 228.882495, 229.683393, 227.688682, 246.466675, 205.362512, 238.059022, 240.070842, 199.679553, 229.173758, 197.318694, 238.443494, 234.824520, 219.093745, 236.782023, 233.525676, 235.202926, 245.342293, 236.671440
226.293821, 240.003165, 237.625064, 222.501083, 230.168376, 238.835659, 224.774339, 225.399842, 204.449082, 241.003572, 224.173608, 204.796083, 228.882495, 229.683393, 227.688682, 246.466675, 205.362512, 238.059022, 240.070842, 199.679553, 229.173758, 197.318694, 238.443494, 234.824520, 219.093745, 236.782023, 233.525676, 235.202926, 245.342293, 236.671440
226.293821, 240.003165, 237.625064, 222.501083, 230.168376, 238.835659, 224.774339, 225.399842, 204.449082, 241.003572, 224.173608, 204.796083, 228.882495, 229.683393, 227.688682, 246.466675, 205.362512, 238.059022, 240.070842, 199.679553, 229.173758, 197.318694, 238.443494, 234.824520, 219.093745, 236.782023, 233.525676, 235.202926, 245.342293, 236.671440
226.293821, 240.003165, 237.625064, 222.501083, 230.168376, 238.835659, 224.774339, 225.399842, 204.449082, 241.003572, 224.173608, 204.796083, 228.882495, 229.683393, 227.688682, 246.466675, 205.362512, 238.059022, 240.070842, 199.679553, 229.173758, 197.318694, 238.443494, 234.824520, 219.093745, 236.782023, 233.525676, 235.202926, 245.342293, 236.671440
226.293821, 240.003165, 237.625064, 222.501083, 230.168376, 238.835659, 224.774339, 225.399842, 204.449082, 241.003572, 214.727574, 204.796083, 228.882495, 229.683393, 227.688682, 246.466675, 205.362512, 238.059022, 240.070842, 199.679553, 229.173758, 197.318694, 238.443494, 234.824520, 219.093745, 236.782023, 233.525676, 235.202926, 245.342293, 236.671440
226.293821, 240.003165, 237.625064, 222.501083, 230.168376, 238.835659, 224.774339, 225.399842, 204.449082, 241.003572, 214.727574, 204.796083, 228.882495, 229.683393, 227.688682, 246.466675, 205.362512, 238.059022, 240.070842, 199.679553, 229.173758, 197.318694, 238.443494, 234.824520, 219.093745, 236.782023, 233.525676, 235.202926, 245.342293, 236.671440
226.293821, 240.003165, 237.625064, 222.501083, 230.168376, 238.835659, 224.774339, 225.399842, 204.449082, 241.003572, 214.727574, 204.796083, 228.882495, 229.683393, 227.688682, 246.466675, 205.362512, 238.059022, 240.070842, 199.679553, 229.173758, 197.318694, 238.443494, 234.824520, 219.093745, 236.782023, 233.525676, 235.202926, 241.883244, 236.671440
226.293821, 240.003165, 237.625064, 222.501083, 230.168376, 238.835659, 224.774339, 225.399842, 204.449082, 241.003572, 214.727574, 204.796083, 228.882495, 229.683393, 227.688682, 246.466675, 205.362512, 238.059022, 240.070842, 199.679553, 229.173758, 197.318694, 238.443494, 234.824520, 219.093745, 236.782023, 233.525676, 235.202926, 241.883244, 236.671440
226.293821, 240.003165, 199.763467, 222.501083, 230.168376, 238.835659, 224.774339, 225.399842, 204.449082, 241.003572, 214.727574, 204.796083, 228.882495, 229.683393, 227.688682, 246.466675, 205.362512, 238.059022, 240.070842, 199.679553, 229.173758, 197.318694, 238.443494, 234.824520, 219.093745, 236.782023, 233.525676, 235.202926, 241.883244, 236.671440
226.293821, 240.003165, 199.763467, 222.501083, 230.168376, 238.835659, 224.774339, 225.399842, 204.449082, 241.003572, 214.727574, 204.796083, 228.882495, 229.683393, 227.688682, 246.466675, 205.362512, 238.059022, 240.070842, 199.679553, 229.173758, 197.318694, 238.443494, 234.824520, 219.093745, 236.782023, 233.525676, 235.202926, 241.883244, 236.671440
226.293821, 240.003165, 199.763467, 222.501083, 230.168376, 238.835659, 224.774339, 225.399842, 204.449082, 241.003572, 214.727574, 204.796083, 228.882495, 229.683393, 227.688682, 246.466675, 205.362512, 238.059022, 240.070842, 199.679553, 229.173758, 197.318694, 238.443494, 234.824520, 219.093745, 236.782023, 233.525676, 235.202926, 241.883244, 236.671440
226.293821, 240.003165, 199.763467, 222.501083, 230.168376, 238.835659, 224.774339, 225.399842, 204.449082, 241.003572, 214.727574, 204.796083, 228.882495, 229.683393, 227.688682, 246.466675, 205.362512, 238.059022, 240.070842, 199.679553, 229.173758, 197.318694, 238.443494, 234.824520, 219.093745, 236.782023, 233.525676, 235.202926, 217.949469, 236.671440
226.293821, 240.003165, 199.763467, 222.501083, 230.168376, 238.835659, 224.774339, 225.399842, 204.449082, 241.003572, 214.727574, 204.796083, 228.882495, 229.683393, 227.688682, 246.466675, 205.362512, 238.059022, 240.070842, 199.679553, 229.173758, 197.318694, 238.443494, 234.824520, 219.093745, 236.782023, 233.525676, 235.202926, 217.949469, 231.161744
226.293821, 240.003165, 199.763467, 222.501083, 230.168376, 238.835659, 224.774339, 225.399842, 204.449082, 241.003572, 214.727574, 204.796083, 228.882495, 229.683393, 227.688682, 246.466675, 205.362512, 238.059022, 240.070842, 199.679553, 229.173758, 197.318694, 238.443494, 234.824520, 219.093745, 236.782023, 233.525676, 235.202926, 217.949469, 231.161744
226.293821, 240.003165, 199.763467, 222.501083, 230.168376, 238.835659, 224.774339, 225.399842, 204.449082, 241.003572, 214.727574, 204.796083, 228.882495, 229.683393, 227.688682, 246.466675, 205.362512, 238.059022, 240.070842, 199.679553, 229.173758, 197.318694, 238.443494, 234.824520, 219.093745, 236.782023, 233.525676, 235.202926, 217.949469, 231.161744
226.293821, 240.003165, 199.763467, 222.501083, 230.168376, 238.835659, 224.774339, 225.399842, 204.449082, 241.003572, 214.727574, 204.796083, 228.882495, 229.683393, 227.688682, 246.466675, 205.362512, 238.059022, 240.070842, 199.679553, 229.173758, 197.318694, 238.443494, 234.824520, 219.093745, 236.782023, 233.525676, 235.202926, 217.949469, 231.161744
226.293821, 240.003165, 199.763467, 222.501083, 230.168376, 238.835659, 224.774339, 225.399842, 204.449082, 241.003572, 214.727574, 204.796083, 228.882495, 188.938499, 227.688682, 246.466675, 205.362512, 238.059022, 240.070842, 199.679553, 229.173758, 197.318694, 238.443494, 234.824520, 219.093745, 236.782023, 233.525676, 235.202926, 217.949469, 231.161744
226.293821, 240.003165, 199.763467, 222.501083, 230.168376, 238.835659, 224.774339, 225.399842, 204.449082, 241.003572, 214.727574, 204.796083, 228.882495, 188.938499, 227.688682, 246.466675, 205.362512, 238.059022, 240.070842, 199.679553, 229.173758, 197.318694, 238.443494, 234.824520, 219.093745, 236.782023, 233.525676, 235.202926, 217.949469, 231.161744
226.293821, 240.003165, 199.763467, 222.501083, 230.168376, 238.835659, 224.774339, 225.399842, 204.449082, 241.003572, 214.727574, 204.796083, 228.882495, 188.938499, 227.688682, 246.466675, 205.362512, 238.059022, 240.070842, 199.679553, 229.173758, 197.318694, 238.443494, 234.824520, 219.093745, 236.782023, 233.525676, 235.202926, 217.949469, 231.161744
226.293821, 240.003165, 199.763467, 222.501083, 230.168376, 238.835659, 224.774339, 225.399842, 204.449082, 241.003572, 214.727574, 204.796083, 228.882495, 188.938499, 227.688682, 246.466675, 205.362512, 238.059022, 240.070842, 199.679553, 229.173758, 197.318694, 238.443494, 234.824520, 219.093745, 236.782023, 233.525676, 235.202926, 217.949469, 231.161744
226.293821, 240.003165, 199.763467, 222.501083, 230.168376, 238.835659, 224.774339, 225.399842, 204.449082, 241.003572, 214.727574, 204.796083, 228.882495, 188.938499, 227.688682, 214.401661, 205.362512, 238.059022, 240.070842, 199.679553, 229.173758, 197.318694, 238.443494, 234.824520, 219.093745, 236.782023, 233.525676, 235.202926, 217.949469, 231.161744
226.293821, 240.003165, 199.763467, 222.501083, 230.168376, 238.835659, 224.774339, 225.399842, 204.449082, 241.003572, 214.727574, 204.796083, 228.882495, 188.938499, 227.688682, 214.401661, 205.362512, 229.146792, 240.070842, 199.679553, 229.173758, 197.318694, 238.443494, 234.824520, 219.093745, 236.782023, 233.525676, 235.202926, 217.949469, 231.161744
219.832752, 240.003165, 199.763467, 222.501083, 230.168376, 238.835659, 224.774339, 225.399842, 204.449082, 241.003572, 214.727574, 204.796083, 228.882495, 188.938499, 227.688682, 214.401661, 205.362512, 229.146792, 240.070842, 199.679553, 229.173758, 197.318694, 238.443494, 234.824520, 219.093745, 236.782023, 233.525676, 235.202926, 217.949469, 231.161744
219.832752, 240.003165, 199.763467, 222.501083, 230.168376, 238.835659, 224.774339, 225.399842, 204.449082, 241.003572, 214.727574, 204.796083, 228.882495, 188.938499, 227.688682, 214.401661, 205.362512, 229.146792, 240.070842, 199.679553, 229.173758, 197.318694, 238.443494, 234.824520, 219.093745, 236.782023, 233.525676, 235.202926, 217.949469, 231.161744
219.832752, 240.003165, 199.763467, 222.501083, 230.168376, 238.835659, 224.774339, 225.399842, 204.449082, 241.003572, 214.727574, 204.796083, 228.882495, 188.938499, 227.688682, 214.401661, 205.362512, 229.146792, 240.070842, 199.679553, 229.173758, 197.318694, 238.443494, 234.824520, 219.093745, 236.782023, 233.525676, 235.202926, 217.949469, 231.161744
219.832752, 240.003165, 199.763467, 222.501083, 230.168376, 238.835659, 224.774339, 225.399842, 204.449082, 241.003572, 214.727574, 204.796083, 228.882495, 188.938499, 227.688682, 214.401661, 205.362512, 229.146792, 240.070842, 199.679553, 229.173758, 197.318694, 238.443494, 234.824520, 219.093745, 236.782023, 233.525676, 235.202926, 217.949469, 231.161744
219.832752, 240.003165, 199.763467, 222.501083, 230.168376, 238.835659, 224.774339, 225.399842, 204.449082, 241.003572, 214.727574, 204.796083, 228.882495, 188.938499, 227.688682, 214.401661, 205.362512, 229.146792, 240.070842, 199.679553, 229.173758, 197.318694, 238.443494, 234.824520, 219.093745, 236.782023, 233.525676, 235.202926, 217.949469, 231.161744
219.832752, 240.003165, 199.763467, 222.501083, 230.168376, 238.835659, 224.774339, 225.399842, 204.449082, 241.003572, 214.727574, 204.796083, 228.882495, 188.938499, 227.688682, 214.401661, 205.362512, 229.146792, 240.070842, 199.679553, 229.173758, 197.318694, 238.443494, 234.824520, 219.093745, 236.782023, 233.525676, 224.031661, 217.949469, 231.161744
219.832752, 240.003165, 199.763467, 222.501083, 230.168376, 238.835659, 224.774339, 225.399842, 204.449082, 241.003572, 214.727574, 204.796083, 228.882495, 188.938499, 227.688682, 214.401661, 205.362512, 229.146792, 240.070842, 199.679553, 229.173758, 197.318694, 238.443494, 234.824520, 219.093745, 236.782023, 233.525676, 224.031661, 217.949469, 231.161744
219.832752, 240.003165, 199.763467, 222.501083, 230.168376, 238.835659, 224.774339, 225.399842, 204.449082, 241.003572, 214.727574, 204.796083, 228.882495, 188.938499, 227.688682, 214.401661, 205.362512, 229.146792, 240.070842, 199.679553, 229.173758, 197.318694, 238.443494, 234.824520, 219.093745, 236.782023, 233.525676, 224.031661, 217.949469, 231.161744
219.832752, 240.003165, 199.763467, 222.501083, 230.168376, 238.835659, 224.774339, 225.399842, 204.449082, 241.003572, 214.727574, 204.796083, 228.882495, 188.938499, 227.688682, 214.401661, 205.362512, 229.146792, 240.070842, 199.679553, 229.173758, 197.318694, 238.443494, 234.824520, 219.093745, 236.782023, 233.525676, 224.031661, 217.949469, 231.161744
219.832752, 240.003165, 199.763467, 222.501083, 230.168376, 238.835659, 224.774339, 225.399842, 204.449082, 241.003572, 214.727574, 204.796083, 228.882495, 188.938499, 227.688682, 214.401661, 205.362512, 229.146792, 240.070842, 199.679553, 229.173758, 197.318694, 238.443494, 234.824520, 219.093745, 236.782023, 233.525676, 224.031661, 217.949469, 231.161744
219.832752, 240.003165, 199.763467, 222.501083, 230.168376, 238.835659, 224.774339, 225.399842, 204.449082, 241.003572, 214.727574, 204.796083, 228.882495, 188.938499, 227.688682, 214.401661, 205.362512, 229.146792, 240.070842, 199.679553, 229.173758, 197.318694, 238.443494, 234.824520, 219.093745, 236.782023, 233.525676, 224.031661, 217.949469, 231.161744
219.832752, 240.003165, 199.763467, 222.501083, 230.168376, 238.835659, 224.774339, 225.399842, 204.449082, 241.003572, 214.727574, 204.796083, 228.882495, 188.938499, 227.688682, 214.401661, 205.362512, 229.146792, 240.070842, 199.679553, 229.173758, 197.318694, 238.443494, 234.824520, 219.093745, 236.782023, 233.525676, 224.031661, 217.949469, 231.161744
219.832752, 240.003165, 199.763467, 222.501083, 230.168376, 238.835659, 224.774339, 225.399842, 204.449082, 241.003572, 214.727574, 204.796083, 228.882495, 188.938499, 227.688682, 214.401661, 205.362512, 229.146792, 240.070842, 199.679553, 229.173758, 197.318694, 238.443494, 234.824520, 219.093745, 236.782023, 233.525676, 224.031661, 217.949469, 231.161744
219.832752, 240.003165, 199.763467, 222.501083, 230.168376, 238.835659, 224.774339, 217.525818, 204.449082, 241.003572, 214.727574, 204.796083, 228.882495, 188.938499, 227.688682, 214.401661, 205.362512, 229.146792, 240.070842, 199.679553, 229.173758, 197.318694, 238.443494, 234.824520, 219.093745, 236.782023, 233.525676, 224.031661, 217.949469, 231.161744
219.832752, 240.003165, 199.763467, 222.501083, 230.168376, 238.835659, 224.774339, 217.525818, 204.449082, 241.003572, 214.727574, 204.796083, 228.882495, 188.938499, 227.688682, 214.401661, 205.362512, 229.146792, 240.070842, 199.679553, 229.173758, 197.318694, 238.443494, 234.824520, 219.093745, 236.782023, 233.525676, 224.031661, 217.949469, 231.161744
219.832752, 240.003165, 199.763467, 222.501083, 230.168376, 238.835659, 224.774339, 217.525818, 204.449082, 241.003572, 214.727574, 204.796083, 228.882495, 188.938499, 227.688682, 214.401661, 205.362512, 229.146792, 240.070842, 199.679553, 229.173758, 197.318694, 238.443494, 220.685003, 219.093745, 236.782023, 233.525676, 224.031661, 217.949469, 231.161744
219.832752, 240.003165, 199.763467, 222.501083, 230.168376, 238.835659, 224.774339, 217.525818, 204.449082, 241.003572, 214.727574, 204.796083, 228.882495, 188.938499, 227.688682, 214.401661, 205.362512, 229.146792, 240.070842, 199.679553, 229.173758, 197.318694, 238.443494, 220.685003, 219.093745, 236.782023, 233.525676, 224.031661, 217.949469, 231.161744
219.832752, 240.003165, 199.763467, 222.501083, 230.168376, 238.835659, 224.774339, 217.525818, 204.449082, 241.003572, 214.727574, 204.796083, 228.882495, 188.938499, 227.688682, 214.401661, 205.362512, 229.146792, 240.070842, 199.679553, 229.173758, 197.318694, 238.443494, 220.685003, 219.093745, 236.782023, 233.525676, 224.031661, 217.949469, 231.161744
219.832752, 240.003165, 199.763467, 222.501083, 230.168376, 238.835659, 224.774339, 217.525818, 204.449082, 241.003572, 214.727574, 204.796083, 228.882495, 188.938499, 227.688682, 214.401661, 205.362512, 229.146792, 240.070842, 199.679553, 229.173758, 197.318694, 238.443494, 220.685003, 219.093745, 236.782023, 233.525676, 224.031661, 217.949469, 231.161744
219.832752, 240.003165, 199.763467, 222.501083, 230.168376, 238.835659, 224.774339, 217.525818, 204.449082, 241.003572, 214.727574, 204.796083, 228.882495, 188.938499, 227.688682, 214.401661, 205.362512, 229.146792, 240.070842, 199.679553, 229.173758, 197.318694, 238.443494, 220.685003, 219.093745, 236.782023, 233.525676, 224.031661, 217.949469, 231.161744
219.832752, 240.003165, 199.763467, 222.501083, 230.168376, 238.835659, 224.774339, 217.525818, 204.449082, 241.003572, 214.727574, 204.796083, 228.882495, 188.938499, 227.688682, 214.401661, 205.362512, 229.146792, 240.070842, 199.679553, 229.173758, 197.318694, 238.443494, 220.685003, 219.093745, 236.782023, 233.525676, 224.031661, 217.949469, 231.161744
219.832752, 240.003165, 199.763467, 222.501083, 230.168376, 238.835659, 224.774339, 217.525818, 204.449082, 241.003572, 214.727574, 204.796083, 228.882495, 188.938499, 227.688682, 214.401661, 205.362512, 229.146792, 240.070842, 199.679553, 229.173758, 197.318694, 238.443494, 220.685003, 219.093745, 236.782023, 233.525676, 224.031661, 217.949469, 231.161744
219.832752, 240.003165, 199.763467, 222.501083, 230.168376, 238.835659, 224.774339, 217.525818, 204.449082, 241.003572, 214.727574, 204.796083, 228.882495, 188.938499, 227.688682, 214.401661, 205.362512, 229.146792, 240.070842, 199.679553, 229.173758, 197.318694, 238.443494, 220.685003, 219.093745, 236.782023, 233.525676, 224.031661, 217.949469, 231.161744
219.832752, 240.003165, 199.763467, 222.501083, 230.168376, 238.835659, 224.774339, 217.525818, 204.449082, 241.003572, 214.727574, 204.796083, 228.882495, 188.938499, 227.688682, 214.401661, 205.362512, 229.146792, 240.070842, 199.679553, 229.173758, 197.318694, 238.443494, 220.685003, 219.093745, 236.782023, 233.525676, 224.031661, 217.949469, 231.161744
219.832752, 240.003165, 199.763467, 222.501083, 230.168376, 238.835659, 224.774339, 217.525818, 204.449082, 241.003572, 214.727574, 204.796083, 228.882495, 188.938499, 227.688682, 214.401661, 205.362512, 229.146792, 240.070842, 199.679553, 229.173758, 197.318694, 238.443494, 220.685003, 219.093745, 236.782023, 233.525676, 224.031661, 217.949469, 231.161744
219.832752, 240.003165, 199.763467, 222.501083, 230.168376, 238.835659, 224.774339, 217.525818, 204.449082, 241.003572, 214.727574, 204.796083, 228.882495, 188.938499, 227.688682, 214.401661, 205.362512, 229.146792, 240.070842, 199.679553, 229.173758, 197.318694, 238.443494, 220.685003, 219.093745, 236.782023, 233.525676, 224.031661, 217.949469, 231.161744
219.832752, 240.003165, 199.763467, 222.501083, 230.168376, 238.835659, 224.774339, 217.525818, 204.449082, 241.003572, 214.727574, 204.796083, 228.882495, 188.938499, 227.688682, 214.401661, 205.362512, 229.146792, 240.070842, 199.679553, 229.173758, 197.318694, 238.443494, 220.685003, 219.093745, 236.782023, 233.525676, 224.031661, 217.949469, 231.161744
219.832752, 240.003165, 199.763467, 222.501083, 230.168376, 238.835659, 224.774339, 217.525818, 204.449082, 241.003572, 214.727574, 204.796083, 228.882495, 188.938499, 227.688682, 214.401661, 205.362512, 229.146792, 240.070842, 199.679553, 229.173758, 197.318694, 238.443494, 220.685003, 219.093745, 236.782023, 233.525676, 224.031661, 217.949469, 231.161744
219.832752, 240.003165, 199.763467, 222.501083, 230.168376, 238.835659, 224.774339, 217.525818, 204.449082, 241.003572, 214.727574, 204.796083, 228.882495, 188.938499, 227.688682, 214.401661, 205.362512, 229.146792, 240.070842, 199.679553, 229.173758, 197.318694, 238.443494, 220.685003, 219.093745, 236.782023, 233.525676, 224.031661, 217.949469, 231.161744
219.832752, 240.003165, 199.763467, 222.501083, 230.168376, 238.835659, 224.774339, 217.525818, 204.449082, 241.003572, 214.727574, 204.796083, 228.882495, 188.938499, 227.688682, 214.401661, 205.362512, 229.146792, 240.070842, 199.679553, 229.173758, 197.318694, 238.443494, 220.685003, 219.093745, 236.782023, 233.525676, 224.031661, 217.949469, 231.161744
219.832752, 240.003165, 199.763467, 222.501083, 230.168376, 238.835659, 224.774339, 217.525818, 204.449082, 241.003572, 214.727574, 204.796083, 228.882495, 188.938499, 220.248239, 214.401661, 205.362512, 229.146792, 240.070842, 199.679553, 229.173758, 197.318694, 238.443494, 220.685003, 219.093745, 236.782023, 233.525676, 224.031661, 217.949469, 231.161744
219.832752, 240.003165, 199.763467, 222.501083, 230.168376, 238.835659, 224.774339, 217.525818, 204.449082, 241.003572, 214.727574, 204.796083, 228.882495, 188.938499, 220.248239, 214.401661, 205.362512, 229.146792, 240.070842, 199.679553, 229.173758, 197.318694, 238.443494, 220.685003, 219.093745, 226.750474, 233.525676, 224.031661, 217.949469, 231.161744
219.832752, 240.003165, 199.763467, 222.501083, 230.168376, 238.835659, 224.774339, 217.525818, 204.449082, 241.003572, 214.727574, 204.796083, 228.882495, 188.938499, 220.248239, 214.401661, 205.362512, 229.146792, 240.070842, 199.679553, 229.173758, 197.318694, 238.443494, 220.685003, 219.093745, 226.750474, 233.525676, 224.031661, 217.949469, 231.161744
219.832752, 240.003165, 199.763467, 222.501083, 230.168376, 238.835659, 224.774339, 217.525818, 204.449082, 241.003572, 214.727574, 204.796083, 228.882495, 188.938499, 220.248239, 214.401661, 205.362512, 229.146792, 240.070842, 199.679553, 229.173758, 197.318694, 238.443494, 220.685003, 219.093745, 226.750474, 233.525676, 224.031661, 217.949469, 231.161744
219.832752, 240.003165, 199.763467, 222.501083, 230.168376, 238.835659, 224.774339, 217.525818, 204.449082, 241.003572, 214.727574, 204.796083, 228.882495, 188.938499, 220.248239, 214.401661, 205.362512, 229.146792, 240.070842, 199.679553, 229.173758, 197.318694, 238.443494, 220.685003, 219.093745, 226.750474, 233.525676, 224.031661, 217.949469, 231.161744
219.832752, 240.003165, 199.763467, 222.501083, 230.168376, 238.835659, 224.774339, 217.525818, 204.449082, 241.003572, 214.727574, 204.796083, 228.882495, 188.938499, 220.248239, 214.401661, 205.362512, 229.146792, 240.070842, 199.679553, 229.173758, 197.318694, 238.443494, 220.685003, 219.093745, 226.750474, 233.525676, 224.031661, 217.949469, 231.161744
219.832752, 240.003165, 199.763467, 222.501083, 230.168376, 238.835659, 224.774339, 217.525818, 204.449082, 241.003572, 214.727574, 204.796083, 228.882495, 188.938499, 220.248239, 214.401661, 205.362512, 229.146792, 240.070842, 199.679553, 229.173758, 197.318694, 238.443494, 220.685003, 219.093745, 226.750474, 233.525676, 224.031661, 217.949469, 231.161744
219.832752, 240.003165, 199.763467, 222.501083, 230.168376, 238.835659, 224.774339, 217.525818, 204.449082, 241.003572, 214.727574, 204.796083, 228.882495, 188.938499, 220.248239, 214.401661, 205.362512, 229.146792, 240.070842, 199.679553, 229.173758, 197.318694, 238.443494, 220.685003, 219.093745, 226.750474, 233.525676, 224.031661, 217.949469, 231.161744
219.832752, 240.003165, 199.763467, 222.501083, 230.168376, 238.835659, 224.774339, 217.525818, 204.449082, 241.003572, 214.727574, 204.796083, 228.882495, 188.938499, 220.248239, 214.401661, 205.362512, 229.146792, 240.070842, 199.679553, 229.173758, 197.318694, 238.443494, 220.685003, 219.093745, 226.750474, 233.525676, 224.031661, 217.949469, 231.161744
219.832752, 240.003165, 199.763467, 222.501083, 230.168376, 238.835659, 224.774339, 217.525818, 204.449082, 241.003572, 214.727574, 204.796083, 228.882495, 188.938499, 220.248239, 214.401661, 205.362512, 229.146792, 240.070842, 199.679553, 229.173758, 197.318694, 238.443494, 220.685003, 219.093745, 226.750474, 233.525676, 224.031661, 217.949469, 231.161744
219.832752, 240.003165, 199.763467, 222.501083, 230.168376, 238.835659, 224.774339, 217.525818, 204.449082, 241.003572, 214.727574, 204.796083, 228.882495, 188.938499, 220.248239, 214.401661, 205.362512, 229.146792, 240.070842, 199.679553, 229.173758, 197.318694, 238.443494, 220.685003, 219.093745, 226.750474, 233.525676, 224.031661, 217.949469, 231.161744
219.832752, 240.003165, 199.763467, 222.501083, 230.168376, 238.835659, 224.774339, 217.525818, 204.449082, 241.003572, 214.727574, 204.796083, 228.882495, 188.938499, 220.248239, 214.401661, 205.362512, 229.146792, 240.070842, 199.679553, 229.173758, 197.318694, 238.443494, 220.685003, 219.093745, 226.750474, 233.525676, 224.031661, 217.949469, 231.161744
219.832752, 240.003165, 199.763467, 222.501083, 230.168376, 238.835659, 224.774339, 217.525818, 204.449082, 241.003572, 214.727574, 204.796083, 228.882495, 188.938499, 220.248239, 214.401661, 205.362512, 229.146792, 240.070842, 199.679553, 229.173758, 197.318694, 238.443494, 220.685003, 219.093745, 226.750474, 233.525676, 224.031661, 217.949469, 231.161744
219.832752, 240.003165, 199.763467, 222.501083, 230.168376, 238.835659, 224.774339, 217.525818, 204.449082, 241.003572, 214.727574, 204.796083, 228.882495, 188.938499, 220.248239, 214.401661, 205.362512, 229.146792, 240.070842, 199.679553, 229.173758, 197.318694, 238.443494, 220.685003, 219.093745, 226.750474, 233.525676, 224.031661, 217.949469, 231.161744
219.832752, 240.003165, 199.763467, 222.501083, 230.168376, 238.835659, 224.774339, 217.525818, 204.449082, 241.003572, 214.727574, 204.796083, 228.882495, 188.938499, 220.248239, 214.401661, 205.362512, 229.146792, 240.070842, 199.679553, 229.173758, 197.318694, 238.443494, 220.685003, 219.093745, 226.750474, 233.525676, 224.031661, 217.949469, 231.161744
219.832752, 240.003165, 199.763467, 222.501083, 230.168376, 238.835659, 224.774339, 217.525818, 204.449082, 241.003572, 214.727574, 204.796083, 228.882495, 188.938499, 220.248239, 214.401661, 205.362512, 229.146792, 240.070842, 199.679553, 229.173758, 197.318694, 238.443494, 220.685003, 219.093745, 226.750474, 233.525676, 224.031661, 217.949469, 231.161744
219.832752, 240.003165, 199.763467, 222.501083, 230.168376, 238.835659, 224.774339, 217.525818, 204.449082, 241.003572, 214.727574, 204.796083, 228.882495, 188.938499, 220.248239, 214.401661, 205.362512, 229.146792, 240.070842, 199.679553, 229.173758, 197.318694, 238.443494, 220.685003, 219.093745, 226.750474, 233.525676, 224.031661, 217.949469, 231.161744
219.832752, 240.003165, 199.763467, 222.501083, 230.168376, 238.835659, 224.774339, 217.525818, 204.449082, 241.003572, 214.727574, 204.796083, 228.882495, 188.938499, 220.248239, 214.401661, 205.362512, 229.146792, 240.070842, 199.679553, 229.173758, 197.318694, 238.443494, 220.685003, 219.093745, 226.750474, 233.525676, 224.031661, 217.949469, 231.161744
219.832752, 240.003165, 199.763467, 222.501083, 230.168376, 238.835659, 224.774339, 217.525818, 204.449082, 241.003572, 214.727574, 204.796083, 228.882495, 188.938499, 220.248239, 214.401661, 205.362512, 229.146792, 240.070842, 199.679553, 229.173758, 197.318694, 238.443494, 220.685003, 219.093745, 226.750474, 233.525676, 224.031661, 217.949469, 231.161744
219.832752, 240.003165, 199.763467, 222.501083, 230.168376, 238.835659, 224.774339, 217.525818, 204.449082, 241.003572, 214.727574, 204.796083, 228.882495, 188.938499, 220.248239, 214.401661, 205.362512, 229.146792, 240.070842, 199.679553, 229.173758, 197.318694, 238.443494, 220.685003, 219.093745, 226.750474, 233.525676, 224.031661, 217.949469, 231.161744
219.832752, 240.003165, 199.763467, 222.501083, 230.168376, 238.835659, 224.774339, 217.525818, 204.449082, 241.003572, 214.727574, 204.796083, 228.882495, 188.938499, 220.248239, 214.401661, 205.362512, 229.146792, 240.070842, 199.679553, 229.173758, 197.318694, 238.443494, 220.685003, 219.093745, 226.750474, 233.525676, 224.031661, 217.949469, 231.161744
219.832752, 240.003165, 199.763467, 222.501083, 230.168376, 238.835659, 224.774339, 217.525818, 204.449082, 241.003572, 214.727574, 204.796083, 228.882495, 188.938499, 220.248239, 214.401661, 205.362512, 229.146792, 240.070842, 199.679553, 229.173758, 197.318694, 238.443494, 220.685003, 215.571087, 226.750474, 233.525676, 224.031661, 217.949469, 231.161744
219.832752, 240.003165, 199.763467, 222.501083, 230.168376, 238.835659, 224.774339, 217.525818, 204.449082, 241.003572, 214.727574, 204.796083, 228.882495, 188.938499, 220.248239, 214.401661, 205.362512, 229.146792, 240.070842, 199.679553, 229.173758, 197.318694, 238.443494, 220.685003, 215.571087, 226.750474, 233.525676, 224.031661, 217.949469, 231.161744
219.832752, 240.003165, 199.763467, 222.501083, 230.168376, 238.835659, 224.774339, 217.525818, 204.449082, 241.003572, 214.727574, 204.796083, 228.882495, 188.938499, 220.248239, 214.401661, 205.362512, 229.146792, 240.070842, 199.679553, 229.173758, 197.318694, 238.443494, 220.685003, 215.571087, 226.750474, 233.525676, 224.031661, 217.949469, 231.161744
219.832752, 240.003165, 199.763467, 222.501083, 230.168376, 238.835659, 224.774339, 217.525818, 204.449082, 241.003572, 214.727574, 204.796083, 228.882495, 188.938499, 220.248239, 214.401661, 205.362512, 229.146792, 240.070842, 199.679553, 229.173758, 197.318694, 238.443494, 220.685003, 215.571087, 226.750474, 233.525676, 224.031661, 217.949469, 231.161744
219.832752, 240.003165, 199.763467, 222.501083, 230.168376, 238.835659, 224.774339, 217.525818, 204.449082, 241.003572, 214.727574, 204.796083, 228.882495, 188.938499, 220.248239, 214.401661, 205.362512, 229.146792, 240.070842, 199.679553, 229.173758, 197.318694, 238.443494, 220.685003, 215.571087, 226.750474, 233.525676, 224.031661, 217.949469, 231.161744
219.832752, 240.003165, 199.763467, 222.501083, 230.168376, 238.835659, 224.774339, 217.525818, 204.449082, 241.003572, 214.727574, 204.796083, 228.882495, 188.938499, 220.248239, 214.401661, 205.362512, 229.146792, 240.070842, 199.679553, 229.173758, 197.318694, 238.443494, 220.685003, 215.571087, 226.750474, 233.525676, 224.031661, 217.949469, 231.161744
219.832752, 240.003165, 199.763467, 222.501083, 230.168376, 238.835659, 224.774339, 217.525818, 204.449082, 241.003572, 214.727574, 204.796083, 228.882495, 188.938499, 220.248239, 214.401661, 205.362512, 229.146792, 240.070842, 199.679553, 229.173758, 197.318694, 238.443494, 220.685003, 215.571087, 226.750474, 233.525676, 224.031661, 217.949469, 231.161744
219.832752, 240.003165, 199.763467, 222.501083, 230.168376, 238.835659, 224.774339, 217.525818, 204.449082, 241.003572, 214.727574, 204.796083, 228.882495, 188.938499, 220.248239, 214.401661, 205.362512, 229.146792, 240.070842, 199.679553, 229.173758, 197.318694, 238.443494, 220.685003, 215.571087, 226.750474, 233.525676, 224.031661, 217.949469, 231.161744
219.832752, 240.003165, 199.763467, 222.501083, 230.168376, 238.835659, 224.774339, 217.525818, 204.449082, 241.003572, 214.727574, 204.796083, 228.882495, 188.938499, 220.248239, 214.401661, 205.362512, 229.146792, 240.070842, 199.679553, 229.173758, 197.318694, 238.443494, 220.685003, 215.571087, 226.750474, 225.572176, 224.031661, 217.949469, 231.161744
219.832752, 240.003165, 199.763467, 222.501083, 230.168376, 238.835659, 224.774339, 217.525818, 204.449082, 241.003572, 214.727574, 204.796083, 228.882495, 188.938499, 220.248239, 214.401661, 205.362512, 229.146792, 240.070842, 199.679553, 229.173758, 197.318694, 238.443494, 220.685003, 215.571087, 226.750474, 225.572176, 224.031661, 217.949469, 231.161744
219.832752, 240.003165, 199.763467, 222.501083, 230.168376, 238.835659, 224.774339, 217.525818, 204.449082, 241.003572, 214.727574, 204.796083, 228.882495, 188.938499, 220.248239, 214.401661, 205.362512, 229.146792, 240.070842, 199.679553, 229.173758, 197.318694, 238.443494, 220.685003, 215.571087, 226.750474, 225.572176, 224.031661, 217.949469, 231.161744
219.832752, 240.003165, 199.763467, 222.501083, 230.168376, 238.835659, 224.774339, 217.525818, 204.449082, 241.003572, 214.727574, 204.796083, 228.882495, 188.938499, 220.248239, 214.401661, 205.362512, 229.146792, 240.070842, 199.679553, 229.173758, 197.318694, 238.443494, 220.685003, 215.571087, 226.750474, 225.572176, 224.031661, 217.949469, 231.161744
219.832752, 240.003165, 199.763467, 222.501083, 230.168376, 238.835659, 224.774339, 217.525818, 204.449082, 241.003572, 214.727574, 204.796083, 228.882495, 188.938499, 220.248239, 214.401661, 205.362512, 229.146792, 240.070842, 199.679553, 229.173758, 197.318694, 238.443494, 220.685003, 215.571087, 226.750474, 225.572176, 224.031661, 217.949469, 231.161744
