experimento1, experimento2, experimento3, experimento4, experimento5, experimento6, experimento7, experimento8, experimento9, experimento10, experimento11, experimento12, experimento13, experimento14, experimento15, experimento16, experimento17, experimento18, experimento19, experimento20, experimento21, experimento22, experimento23, experimento24, experimento25, experimento26, experimento27, experimento28, experimento29, experimento30
374.330568, 298.146640, 374.975247, 377.541774, 324.927439, 378.896340, 357.384866, 366.713057, 352.679348, 344.736992, 353.715877, 387.067053, 367.369590, 386.545449, 362.377943, 344.395031, 341.196527, 325.487906, 348.458171, 380.867398, 398.579312, 387.867477, 346.106536, 375.091075, 334.377534, 365.335465, 387.752399, 363.835146, 359.836720, 401.104690
374.330568, 298.146640, 349.490228, 347.308262, 324.927439, 378.896340, 350.119947, 366.713057, 352.679348, 344.736992, 333.812965, 381.560908, 367.369590, 386.545449, 350.662577, 344.395031, 341.196527, 325.487906, 348.458171, 373.607125, 396.407808, 357.448835, 346.106536, 367.095684, 334.377534, 341.864222, 387.752399, 363.835146, 359.836720, 372.455513
374.330568, 298.146640, 349.490228, 331.469795, 324.927439, 378.896340, 350.119947, 353.638518, 352.679348, 344.736992, 333.812965, 381.560908, 363.062328, 386.545449, 328.559169, 344.395031, 340.398089, 325.487906, 346.627333, 313.436242, 377.525664, 357.448835, 346.106536, 334.257572, 334.377534, 341.864222, 324.268844, 363.835146, 348.510084, 372.455513
368.168879, 298.146640, 338.822539, 331.469795, 324.927439, 373.926047, 350.119947, 353.319833, 352.679348, 320.789932, 333.812965, 381.560908, 359.349394, 345.929028, 328.559169, 286.270050, 315.750868, 325.487906, 346.627333, 313.436242, 365.345793, 357.448835, 307.301007, 316.924546, 334.377534, 341.864222, 324.268844, 356.634866, 348.510084, 372.455513
368.168879, 298.146640, 338.822539, 331.469795, 324.927439, 346.912032, 311.630364, 353.319833, 350.763164, 290.296903, 333.812965, 380.771872, 327.576857, 345.929028, 296.301727, 286.270050, 315.750868, 309.703535, 346.627333, 313.436242, 355.628061, 356.015878, 307.301007, 316.924546, 334.377534, 341.864222, 309.066618, 335.739316, 348.510084, 327.197463
356.798474, 298.146640, 338.822539, 331.469795, 324.927439, 346.912032, 311.630364, 336.737835, 350.763164, 290.296903, 333.812965, 377.208578, 327.576857, 326.607250, 274.832730, 286.270050, 315.750868, 309.703535, 314.303070, 313.436242, 334.235350, 356.015878, 307.301007, 316.924546, 334.377534, 301.723660, 309.066618, 335.739316, 348.510084, 327.197463
356.798474, 298.146640, 338.822539, 331.469795, 315.038665, 316.965692, 311.630364, 294.264702, 329.925333, 290.296903, 317.580106, 331.423662, 280.883177, 325.313428, 274.832730, 286.270050, 315.750868, 300.697878, 314.303070, 313.436242, 333.198646, 328.316192, 306.634945, 316.924546, 334.377534, 301.723660, 309.066618, 335.739316, 348.510084, 327.197463
333.654772, 298.146640, 330.939592, 316.559935, 301.117240, 316.965692, 311.630364, 294.264702, 329.925333, 290.296903, 317.580106, 330.740328, 270.334715, 313.063766, 274.832730, 286.270050, 315.750868, 300.697878, 314.303070, 313.436242, 333.198646, 328.316192, 306.634945, 303.122360, 334.377534, 301.723660, 309.066618, 335.085942, 347.046248, 327.197463
333.654772, 298.146640, 330.939592, 311.033499, 301.117240, 316.965692, 311.630364, 294.264702, 324.964444, 290.296903, 317.580106, 326.846438, 270.334715, 313.063766, 274.832730, 286.270050, 315.750868, 300.697878, 289.435469, 313.436242, 328.885629, 328.316192, 306.634945, 303.122360, 334.377534, 295.476654, 309.066618, 335.085942, 347.046248, 327.197463
333.654772, 298.146640, 330.939592, 295.371589, 301.117240, 316.965692, 306.887292, 294.264702, 303.997127, 290.296903, 264.650842, 285.568854, 270.334715, 313.063766, 274.832730, 286.270050, 315.750868, 300.697878, 289.435469, 313.436242, 328.885629, 328.316192, 306.634945, 303.122360, 334.377534, 295.476654, 289.756158, 335.085942, 340.458854, 262.051670
328.009517, 267.982561, 323.421105, 295.371589, 301.117240, 299.876823, 306.887292, 294.264702, 303.997127, 290.296903, 264.650842, 285.568854, 270.334715, 313.063766, 274.832730, 286.270050, 315.750868, 298.063002, 289.435469, 313.436242, 328.885629, 306.284044, 282.814959, 303.122360, 331.881334, 295.476654, 289.756158, 329.133790, 324.292861, 262.051670
328.009517, 267.982561, 301.267082, 295.371589, 301.117240, 299.876823, 306.887292, 292.367420, 295.594670, 290.296903, 264.650842, 285.568854, 270.334715, 313.063766, 274.832730, 286.270050, 315.750868, 298.063002, 289.435469, 313.436242, 328.885629, 306.284044, 282.814959, 303.122360, 331.881334, 295.476654, 289.756158, 287.143165, 303.218034, 262.051670
328.009517, 267.982561, 301.267082, 295.371589, 301.117240, 299.876823, 306.887292, 292.367420, 295.594670, 290.296903, 264.650842, 285.568854, 270.334715, 284.285436, 274.832730, 286.270050, 315.750868, 298.063002, 289.435469, 266.564703, 328.885629, 306.284044, 282.814959, 303.122360, 331.881334, 295.476654, 289.756158, 287.143165, 303.218034, 262.051670
328.009517, 267.982561, 301.267082, 295.371589, 301.117240, 299.876823, 259.115812, 292.367420, 295.594670, 290.296903, 264.650842, 285.568854, 270.334715, 284.285436, 274.832730, 286.270050, 315.750868, 298.063002, 289.435469, 266.564703, 328.885629, 306.284044, 282.814959, 303.122360, 331.881334, 295.476654, 289.756158, 274.240782, 303.218034, 262.051670
306.190354, 267.982561, 301.267082, 295.371589, 301.117240, 299.876823, 259.115812, 292.367420, 295.594670, 290.296903, 264.650842, 285.568854, 270.334715, 284.285436, 274.832730, 286.270050, 315.750868, 298.063002, 289.435469, 266.564703, 328.885629, 306.284044, 282.814959, 303.122360, 299.446096, 295.476654, 289.756158, 274.240782, 303.218034, 262.051670
306.190354, 267.982561, 301.267082, 267.558600, 301.117240, 298.497317, 259.115812, 292.367420, 295.594670, 290.296903, 264.650842, 285.568854, 270.334715, 284.285436, 274.832730, 286.270050, 315.750868, 298.063002, 289.435469, 266.564703, 313.740882, 300.902762, 282.814959, 302.341321, 299.446096, 295.476654, 289.756158, 266.202954, 303.218034, 262.051670
255.273049, 267.982561, 301.267082, 267.558600, 301.117240, 298.497317, 259.115812, 292.367420, 295.594670, 290.296903, 264.650842, 285.568854, 270.334715, 284.285436, 274.832730, 286.270050, 315.750868, 298.063002, 289.435469, 266.564703, 313.740882, 300.902762, 282.814959, 302.341321, 299.446096, 295.476654, 289.756158, 266.202954, 303.218034, 262.051670
255.273049, 267.982561, 301.267082, 267.558600, 301.117240, 298.497317, 259.115812, 292.367420, 295.594670, 290.296903, 264.650842, 285.568854, 270.334715, 284.285436, 274.832730, 286.270050, 310.177388, 298.063002, 289.435469, 266.564703, 313.740882, 300.902762, 282.814959, 259.464352, 299.446096, 295.476654, 289.756158, 266.202954, 303.218034, 262.051670
255.273049, 267.982561, 301.267082, 267.558600, 280.250872, 297.857734, 259.115812, 292.367420, 295.594670, 290.296903, 264.650842, 285.568854, 264.839346, 284.046800, 274.832730, 276.387208, 310.177388, 298.063002, 289.435469, 266.564703, 311.480658, 300.902762, 282.814959, 259.464352, 299.446096, 295.476654, 289.756158, 266.202954, 268.315127, 262.051670
255.273049, 267.982561, 301.267082, 267.558600, 280.250872, 297.857734, 259.115812, 292.367420, 295.594670, 290.296903, 264.650842, 285.568854, 264.839346, 284.046800, 274.832730, 276.387208, 310.177388, 259.461528, 289.435469, 266.564703, 311.480658, 300.902762, 282.814959, 259.464352, 299.446096, 273.372159, 289.756158, 266.202954, 268.315127, 262.051670
255.273049, 267.982561, 301.267082, 267.558600, 280.250872, 297.857734, 259.115812, 292.367420, 295.594670, 290.296903, 264.650842, 285.568854, 264.839346, 284.046800, 274.832730, 276.387208, 310.177388, 259.461528, 289.435469, 266.564703, 311.480658, 300.902762, 282.814959, 259.464352, 299.446096, 273.372159, 286.654914, 266.202954, 268.315127, 262.051670
255.273049, 267.982561, 301.267082, 267.558600, 280.250872, 297.857734, 259.115812, 292.367420, 295.594670, 274.710567, 264.650842, 285.568854, 264.839346, 284.046800, 274.832730, 276.387208, 310.138811, 259.461528, 289.435469, 266.564703, 311.480658, 300.902762, 282.814959, 259.464352, 299.446096, 273.372159, 286.654914, 266.202954, 268.315127, 262.051670
255.273049, 267.982561, 301.267082, 267.558600, 280.250872, 297.857734, 259.115812, 292.367420, 287.730581, 274.710567, 264.650842, 285.568854, 264.839346, 284.046800, 274.832730, 276.387208, 310.138811, 259.461528, 289.435469, 266.564703, 311.480658, 300.902762, 282.814959, 259.464352, 299.446096, 273.372159, 286.654914, 266.202954, 268.315127, 262.051670
255.273049, 267.982561, 301.267082, 267.558600, 280.250872, 297.857734, 259.115812, 275.327881, 287.730581, 274.710567, 264.650842, 285.568854, 264.839346, 284.046800, 274.832730, 276.387208, 310.138811, 259.461528, 289.435469, 266.564703, 311.480658, 279.912726, 282.814959, 259.464352, 286.917920, 273.372159, 286.654914, 266.202954, 268.315127, 262.051670
255.273049, 267.982561, 301.267082, 267.558600, 280.250872, 297.857734, 259.115812, 275.327881, 287.730581, 274.710567, 264.650842, 285.568854, 264.839346, 284.046800, 274.832730, 276.387208, 310.138811, 259.461528, 289.435469, 266.564703, 311.480658, 279.912726, 282.814959, 259.464352, 286.917920, 273.372159, 286.654914, 266.202954, 268.315127, 262.051670
255.273049, 267.982561, 301.267082, 267.558600, 280.250872, 297.857734, 259.115812, 275.327881, 287.730581, 274.710567, 264.650842, 285.568854, 264.839346, 284.046800, 274.832730, 276.387208, 310.138811, 259.461528, 289.435469, 266.564703, 311.480658, 279.912726, 282.814959, 259.464352, 286.917920, 273.372159, 286.654914, 266.202954, 268.315127, 262.051670
255.273049, 267.982561, 301.267082, 267.558600, 280.250872, 297.857734, 259.115812, 275.327881, 287.730581, 274.710567, 264.650842, 285.568854, 264.839346, 284.046800, 274.832730, 276.387208, 310.138811, 259.461528, 289.435469, 266.564703, 311.480658, 268.139989, 282.814959, 259.464352, 286.917920, 273.372159, 286.654914, 266.202954, 268.315127, 262.051670
255.273049, 267.982561, 301.267082, 267.558600, 280.250872, 297.857734, 259.115812, 275.327881, 287.730581, 274.710567, 264.650842, 285.568854, 264.839346, 258.251814, 274.832730, 276.387208, 310.138811, 259.461528, 254.210976, 266.564703, 304.217880, 268.139989, 282.814959, 259.464352, 286.917920, 273.372159, 286.654914, 266.202954, 268.315127, 262.051670
255.273049, 267.982561, 301.267082, 267.558600, 280.250872, 289.786897, 259.115812, 275.327881, 287.730581, 274.710567, 264.650842, 285.568854, 264.839346, 258.251814, 274.832730, 276.387208, 310.138811, 259.461528, 254.210976, 266.564703, 294.400805, 258.174276, 282.814959, 259.464352, 286.917920, 273.372159, 286.654914, 266.202954, 268.315127, 262.051670
255.273049, 267.982561, 301.267082, 267.558600, 280.250872, 289.786897, 259.115812, 275.327881, 287.730581, 274.710567, 264.650842, 285.568854, 264.839346, 258.251814, 274.832730, 276.387208, 310.138811, 259.461528, 254.210976, 266.564703, 294.400805, 258.174276, 282.814959, 259.464352, 286.917920, 273.372159, 286.654914, 251.897182, 268.315127, 262.051670
255.273049, 267.982561, 301.267082, 267.558600, 280.250872, 289.786897, 259.115812, 275.327881, 287.730581, 274.710567, 264.650842, 285.568854, 264.839346, 258.251814, 274.832730, 276.387208, 310.138811, 259.461528, 254.210976, 266.564703, 294.400805, 258.174276, 282.814959, 259.464352, 286.917920, 273.372159, 286.654914, 251.897182, 268.315127, 262.051670
255.273049, 267.982561, 301.267082, 267.558600, 280.250872, 289.786897, 259.115812, 275.327881, 287.730581, 274.710567, 264.650842, 285.568854, 264.839346, 258.251814, 274.832730, 276.387208, 310.138811, 259.461528, 254.210976, 266.564703, 294.400805, 258.174276, 282.814959, 259.464352, 286.917920, 273.372159, 286.654914, 251.897182, 268.315127, 262.051670
255.273049, 267.982561, 301.267082, 267.558600, 280.250872, 289.786897, 259.115812, 275.327881, 287.730581, 274.710567, 264.650842, 285.568854, 264.839346, 258.251814, 274.832730, 276.387208, 296.950330, 259.461528, 254.210976, 266.564703, 294.400805, 258.174276, 282.814959, 259.464352, 286.917920, 273.372159, 286.654914, 251.897182, 268.315127, 262.051670
255.273049, 267.982561, 301.267082, 267.558600, 280.250872, 289.786897, 259.115812, 262.151343, 287.730581, 274.300553, 264.650842, 285.568854, 264.839346, 258.251814, 274.832730, 276.387208, 296.950330, 259.461528, 254.210976, 266.564703, 294.400805, 258.174276, 282.814959, 259.464352, 286.917920, 273.372159, 286.654914, 251.897182, 268.315127, 262.051670
255.273049, 267.982561, 287.422850, 267.558600, 280.250872, 289.786897, 258.767316, 262.151343, 287.730581, 274.300553, 264.650842, 285.568854, 264.839346, 258.251814, 274.832730, 276.387208, 296.950330, 259.461528, 254.210976, 266.564703, 294.400805, 258.174276, 282.814959, 259.464352, 286.917920, 273.372159, 286.654914, 251.897182, 268.315127, 262.051670
255.273049, 267.982561, 287.422850, 267.558600, 280.250872, 289.786897, 258.767316, 262.151343, 287.730581, 274.300553, 264.650842, 285.568854, 264.839346, 258.251814, 274.832730, 276.387208, 288.293340, 259.461528, 254.210976, 266.564703, 276.470756, 258.174276, 282.814959, 259.464352, 286.917920, 273.372159, 286.654914, 251.897182, 268.315127, 262.051670
255.273049, 267.982561, 287.422850, 267.558600, 280.250872, 289.786897, 258.767316, 262.151343, 287.730581, 274.300553, 264.650842, 285.568854, 264.839346, 258.251814, 274.832730, 276.387208, 288.293340, 259.461528, 254.210976, 266.564703, 276.470756, 258.174276, 282.814959, 259.464352, 286.917920, 273.372159, 286.654914, 251.897182, 268.315127, 262.051670
255.273049, 267.982561, 287.422850, 267.558600, 280.250872, 289.786897, 258.767316, 262.151343, 287.730581, 274.300553, 264.650842, 285.568854, 264.839346, 258.251814, 274.832730, 276.387208, 288.293340, 259.461528, 254.210976, 266.564703, 276.470756, 258.174276, 261.643384, 259.464352, 286.917920, 273.372159, 286.654914, 251.897182, 268.315127, 262.051670
255.273049, 267.982561, 287.422850, 267.558600, 280.250872, 289.786897, 258.767316, 262.151343, 287.730581, 274.300553, 264.650842, 285.568854, 264.839346, 258.251814, 274.832730, 276.387208, 288.293340, 259.461528, 254.210976, 266.564703, 276.470756, 258.174276, 261.643384, 259.464352, 286.917920, 273.372159, 286.654914, 251.897182, 268.315127, 262.051670
255.273049, 267.982561, 287.422850, 267.558600, 280.250872, 289.786897, 258.767316, 262.151343, 287.730581, 274.300553, 264.650842, 285.568854, 264.839346, 258.251814, 274.832730, 276.387208, 284.213791, 259.461528, 254.210976, 266.564703, 261.705120, 251.831870, 261.643384, 259.464352, 286.917920, 273.372159, 286.654914, 251.897182, 268.315127, 262.051670
255.273049, 267.982561, 287.422850, 267.558600, 280.250872, 289.786897, 258.767316, 262.151343, 287.730581, 274.300553, 264.650842, 285.568854, 264.839346, 258.251814, 274.832730, 276.387208, 284.213791, 259.461528, 254.210976, 266.564703, 261.705120, 251.831870, 261.643384, 259.464352, 286.917920, 273.372159, 286.654914, 251.897182, 268.315127, 262.051670
255.273049, 267.982561, 287.422850, 267.558600, 280.250872, 289.786897, 258.767316, 262.151343, 287.730581, 274.300553, 264.650842, 285.568854, 264.839346, 258.251814, 274.832730, 276.387208, 245.780097, 259.461528, 254.210976, 266.564703, 261.705120, 251.831870, 261.643384, 259.464352, 286.917920, 273.372159, 286.654914, 251.897182, 268.315127, 262.051670
255.273049, 267.982561, 287.422850, 267.558600, 280.250872, 289.786897, 258.767316, 262.151343, 287.730581, 274.300553, 264.650842, 285.568854, 264.839346, 258.251814, 274.832730, 276.387208, 245.780097, 259.461528, 254.210976, 266.564703, 261.705120, 251.831870, 261.643384, 259.464352, 286.917920, 273.372159, 286.654914, 251.897182, 268.315127, 262.051670
255.273049, 267.982561, 287.422850, 267.558600, 280.250872, 289.786897, 258.767316, 262.151343, 287.730581, 274.300553, 264.650842, 285.568854, 264.839346, 258.251814, 274.832730, 276.387208, 245.780097, 259.461528, 254.210976, 266.564703, 261.705120, 251.831870, 261.643384, 259.464352, 286.917920, 273.372159, 286.654914, 251.897182, 268.315127, 262.051670
255.273049, 267.982561, 287.422850, 267.558600, 280.250872, 289.786897, 258.767316, 262.151343, 287.730581, 274.300553, 264.650842, 285.568854, 264.839346, 258.251814, 274.832730, 276.387208, 245.780097, 259.461528, 254.210976, 266.564703, 261.705120, 251.831870, 261.643384, 259.464352, 286.917920, 273.372159, 286.654914, 251.897182, 268.315127, 262.051670
255.273049, 267.982561, 287.422850, 267.558600, 280.250872, 289.786897, 258.767316, 262.151343, 287.730581, 274.300553, 264.650842, 285.568854, 264.839346, 258.251814, 274.832730, 276.387208, 245.780097, 259.461528, 254.210976, 266.564703, 261.705120, 251.831870, 261.643384, 259.464352, 286.917920, 273.372159, 286.654914, 251.897182, 268.315127, 262.051670
255.273049, 267.982561, 287.422850, 267.558600, 280.250872, 289.786897, 258.767316, 262.151343, 287.730581, 274.300553, 264.650842, 285.568854, 264.839346, 258.251814, 274.832730, 276.387208, 245.780097, 259.461528, 254.210976, 266.564703, 261.705120, 251.831870, 261.643384, 259.464352, 286.917920, 273.372159, 272.780476, 251.897182, 268.315127, 262.051670
255.273049, 267.982561, 287.422850, 267.558600, 280.250872, 289.786897, 258.767316, 262.151343, 287.730581, 274.300553, 264.650842, 285.568854, 264.839346, 258.251814, 274.832730, 276.387208, 245.780097, 259.461528, 254.210976, 266.564703, 261.705120, 251.831870, 261.643384, 259.464352, 247.347310, 273.372159, 272.780476, 251.897182, 268.315127, 262.051670
255.273049, 267.982561, 287.422850, 267.558600, 280.250872, 289.786897, 258.767316, 262.151343, 287.730581, 274.300553, 264.650842, 285.568854, 264.839346, 258.251814, 274.832730, 276.387208, 245.780097, 259.461528, 254.210976, 266.564703, 261.705120, 251.831870, 261.643384, 259.464352, 247.347310, 273.372159, 272.780476, 251.897182, 268.315127, 262.051670
255.273049, 267.982561, 287.422850, 267.558600, 280.250872, 289.786897, 258.767316, 262.151343, 287.730581, 274.300553, 264.650842, 285.568854, 264.839346, 258.251814, 274.832730, 276.387208, 245.780097, 259.461528, 254.210976, 266.564703, 261.705120, 251.831870, 261.643384, 259.464352, 247.347310, 273.372159, 272.780476, 251.897182, 268.315127, 262.051670
255.273049, 267.982561, 287.422850, 267.558600, 279.794467, 289.786897, 258.767316, 262.151343, 287.730581, 274.300553, 264.650842, 274.550832, 264.839346, 258.251814, 274.832730, 276.387208, 245.780097, 259.461528, 254.210976, 266.564703, 261.705120, 251.831870, 261.643384, 259.464352, 247.347310, 273.372159, 272.780476, 251.897182, 268.315127, 262.051670
255.273049, 267.982561, 287.422850, 267.558600, 279.794467, 289.786897, 258.767316, 262.151343, 287.730581, 274.300553, 264.650842, 274.550832, 264.839346, 258.251814, 274.832730, 276.387208, 245.780097, 259.461528, 254.210976, 266.564703, 261.705120, 251.831870, 261.643384, 259.464352, 247.347310, 273.372159, 272.780476, 251.897182, 268.315127, 262.051670
255.273049, 250.118430, 287.422850, 267.558600, 279.794467, 289.786897, 258.767316, 262.151343, 261.741308, 274.300553, 264.650842, 274.550832, 264.839346, 258.251814, 274.832730, 276.387208, 245.780097, 259.461528, 254.210976, 266.564703, 261.705120, 251.831870, 261.643384, 259.464352, 247.347310, 273.372159, 272.780476, 251.897182, 268.315127, 262.051670
255.273049, 250.118430, 287.422850, 267.558600, 279.794467, 289.786897, 258.767316, 262.151343, 261.741308, 274.300553, 264.650842, 274.550832, 264.839346, 258.251814, 274.832730, 276.387208, 245.780097, 259.461528, 254.210976, 257.566310, 261.705120, 251.831870, 261.643384, 259.464352, 247.347310, 273.372159, 272.780476, 251.897182, 268.315127, 262.051670
255.273049, 250.118430, 287.422850, 267.558600, 260.698864, 289.786897, 258.767316, 262.151343, 261.741308, 274.300553, 264.650842, 274.550832, 264.839346, 258.251814, 274.832730, 276.387208, 245.780097, 259.461528, 254.210976, 257.566310, 261.705120, 251.831870, 261.643384, 259.464352, 247.347310, 273.372159, 270.972291, 251.897182, 268.315127, 262.051670
255.273049, 250.118430, 287.422850, 267.558600, 260.698864, 289.786897, 258.767316, 262.151343, 261.741308, 274.300553, 264.650842, 274.550832, 264.839346, 258.251814, 274.832730, 256.620727, 245.780097, 259.461528, 254.210976, 257.566310, 261.705120, 251.831870, 261.643384, 259.464352, 247.347310, 250.708222, 270.972291, 251.897182, 268.315127, 262.051670
255.273049, 250.118430, 287.422850, 267.558600, 260.698864, 289.786897, 258.767316, 262.151343, 261.741308, 274.300553, 264.650842, 274.550832, 264.839346, 258.251814, 274.832730, 256.620727, 245.780097, 259.461528, 254.210976, 257.566310, 261.705120, 251.831870, 261.643384, 259.464352, 247.347310, 250.708222, 270.972291, 251.897182, 268.315127, 262.051670
255.273049, 250.118430, 287.422850, 267.558600, 260.698864, 289.786897, 258.767316, 262.151343, 261.741308, 274.300553, 264.650842, 274.550832, 264.839346, 258.251814, 274.832730, 256.620727, 245.780097, 259.461528, 254.210976, 257.566310, 261.705120, 251.831870, 261.643384, 259.464352, 247.347310, 250.708222, 270.972291, 251.897182, 268.315127, 262.051670
255.273049, 250.118430, 287.422850, 267.558600, 260.698864, 289.786897, 258.767316, 262.151343, 261.741308, 274.300553, 264.650842, 274.550832, 264.839346, 258.251814, 274.832730, 256.620727, 245.780097, 259.461528, 254.210976, 257.566310, 261.705120, 251.831870, 261.643384, 259.464352, 247.347310, 250.708222, 270.972291, 251.897182, 268.315127, 262.051670
255.273049, 250.118430, 287.422850, 267.558600, 260.698864, 289.786897, 258.767316, 262.151343, 261.741308, 274.300553, 264.650842, 274.550832, 264.839346, 258.251814, 274.832730, 256.620727, 245.780097, 259.461528, 254.210976, 257.566310, 261.705120, 251.831870, 261.643384, 259.464352, 247.347310, 250.708222, 270.972291, 251.897182, 268.315127, 262.051670
255.273049, 250.118430, 287.422850, 267.558600, 260.698864, 289.786897, 258.767316, 262.151343, 261.741308, 274.300553, 264.650842, 274.550832, 264.839346, 258.251814, 274.832730, 256.620727, 245.780097, 259.461528, 254.210976, 257.566310, 261.705120, 251.831870, 261.643384, 259.464352, 247.347310, 250.708222, 270.972291, 251.897182, 268.315127, 262.051670
255.273049, 250.118430, 287.422850, 267.558600, 260.698864, 289.786897, 258.767316, 262.151343, 261.741308, 274.300553, 264.650842, 274.550832, 264.839346, 258.251814, 274.832730, 256.620727, 245.780097, 259.461528, 254.210976, 257.566310, 261.705120, 251.831870, 261.643384, 259.464352, 247.347310, 250.708222, 270.972291, 251.897182, 268.315127, 262.051670
255.273049, 250.118430, 287.422850, 267.558600, 260.698864, 289.786897, 258.767316, 262.151343, 261.741308, 274.300553, 264.650842, 274.550832, 264.839346, 258.251814, 274.832730, 256.620727, 245.780097, 259.461528, 254.210976, 257.566310, 261.705120, 251.831870, 261.643384, 259.464352, 247.347310, 250.708222, 270.972291, 251.897182, 268.315127, 262.051670
255.273049, 250.118430, 287.422850, 267.558600, 260.698864, 289.786897, 258.767316, 262.151343, 261.741308, 274.300553, 264.650842, 274.550832, 264.839346, 258.251814, 274.832730, 256.620727, 245.780097, 259.461528, 254.210976, 257.566310, 261.705120, 251.831870, 261.643384, 259.464352, 247.347310, 246.711044, 270.972291, 251.897182, 268.315127, 262.051670
255.273049, 250.118430, 287.422850, 267.558600, 260.698864, 289.786897, 258.767316, 262.151343, 261.741308, 274.300553, 264.650842, 274.550832, 264.839346, 258.251814, 274.832730, 256.620727, 245.780097, 259.461528, 254.210976, 257.566310, 261.705120, 251.831870, 261.643384, 259.464352, 247.347310, 246.711044, 270.972291, 251.897182, 268.315127, 262.051670
255.273049, 250.118430, 287.422850, 267.558600, 260.698864, 289.786897, 258.767316, 262.151343, 261.741308, 274.300553, 264.650842, 274.550832, 264.839346, 258.251814, 274.832730, 256.620727, 245.780097, 259.461528, 254.210976, 257.566310, 261.705120, 251.831870, 261.643384, 259.464352, 247.347310, 246.711044, 270.972291, 251.897182, 256.870973, 262.051670
255.273049, 250.118430, 287.422850, 267.558600, 260.698864, 289.786897, 258.767316, 262.151343, 261.741308, 274.300553, 264.650842, 274.550832, 264.839346, 258.251814, 274.832730, 256.620727, 245.780097, 259.461528, 254.210976, 257.566310, 261.705120, 251.831870, 261.643384, 259.464352, 247.347310, 246.711044, 270.972291, 251.897182, 256.870973, 262.051670
255.273049, 250.118430, 287.422850, 267.558600, 260.698864, 289.786897, 258.767316, 262.151343, 261.741308, 261.900029, 264.650842, 274.550832, 264.839346, 258.251814, 274.832730, 256.620727, 245.780097, 259.461528, 254.210976, 257.566310, 261.705120, 251.831870, 261.643384, 259.464352, 247.347310, 246.711044, 270.972291, 242.376279, 256.870973, 262.051670
255.273049, 250.118430, 287.422850, 267.558600, 260.698864, 271.365149, 258.767316, 262.151343, 261.741308, 261.900029, 264.650842, 274.550832, 264.839346, 258.251814, 274.832730, 256.620727, 245.780097, 259.461528, 254.210976, 257.566310, 261.705120, 251.831870, 261.643384, 259.464352, 247.347310, 246.711044, 270.972291, 242.376279, 256.870973, 262.051670
255.273049, 250.118430, 287.422850, 267.558600, 260.698864, 271.365149, 258.767316, 262.151343, 261.741308, 261.900029, 264.650842, 274.550832, 264.839346, 258.251814, 274.832730, 256.620727, 245.780097, 259.461528, 254.210976, 257.566310, 261.705120, 251.831870, 261.643384, 259.464352, 247.347310, 246.711044, 270.972291, 242.376279, 256.870973, 262.051670
255.273049, 250.118430, 287.422850, 267.558600, 260.698864, 271.365149, 258.767316, 262.151343, 261.741308, 261.900029, 264.650842, 274.550832, 264.839346, 258.251814, 274.832730, 256.620727, 245.780097, 259.461528, 254.210976, 257.566310, 261.705120, 251.831870, 261.643384, 259.464352, 247.347310, 246.711044, 270.972291, 242.376279, 256.870973, 262.051670
255.273049, 250.118430, 287.422850, 267.558600, 260.698864, 271.365149, 258.767316, 262.151343, 261.741308, 261.900029, 264.650842, 274.550832, 264.839346, 258.251814, 274.832730, 256.620727, 245.780097, 259.461528, 254.210976, 257.566310, 261.705120, 251.831870, 261.643384, 259.464352, 247.347310, 246.711044, 270.972291, 242.376279, 256.870973, 262.051670
255.273049, 250.118430, 287.422850, 267.558600, 260.698864, 271.365149, 258.767316, 262.151343, 261.741308, 261.900029, 264.650842, 274.550832, 248.683300, 258.251814, 274.832730, 256.620727, 245.780097, 259.461528, 254.210976, 257.566310, 261.705120, 251.831870, 261.643384, 259.464352, 247.347310, 246.711044, 270.972291, 242.376279, 256.870973, 262.051670
255.273049, 250.118430, 287.422850, 267.558600, 260.698864, 271.365149, 258.767316, 262.151343, 261.741308, 261.900029, 264.650842, 274.550832, 248.683300, 258.251814, 274.832730, 256.620727, 245.780097, 259.461528, 254.210976, 257.566310, 261.705120, 251.831870, 261.643384, 259.464352, 247.347310, 246.711044, 270.972291, 242.376279, 256.870973, 262.051670
255.273049, 250.118430, 287.422850, 267.558600, 260.698864, 271.365149, 258.767316, 262.151343, 261.741308, 261.900029, 264.650842, 239.670751, 248.683300, 258.251814, 274.832730, 256.620727, 245.780097, 259.461528, 254.210976, 257.566310, 261.705120, 251.831870, 261.643384, 259.464352, 247.347310, 246.711044, 270.972291, 242.376279, 256.870973, 262.051670
255.273049, 250.118430, 275.970189, 267.558600, 260.698864, 271.365149, 258.767316, 262.151343, 261.741308, 261.900029, 264.650842, 239.670751, 248.683300, 258.251814, 274.832730, 256.620727, 245.780097, 259.461528, 254.210976, 257.566310, 261.705120, 251.831870, 261.643384, 259.464352, 247.347310, 246.711044, 270.972291, 242.376279, 256.870973, 262.051670
255.273049, 250.118430, 275.970189, 267.558600, 260.698864, 271.365149, 258.767316, 262.151343, 254.681157, 261.900029, 264.650842, 239.670751, 248.683300, 258.251814, 274.832730, 256.620727, 245.780097, 259.461528, 254.210976, 257.566310, 261.705120, 251.831870, 261.643384, 259.464352, 247.347310, 246.711044, 270.972291, 242.376279, 256.870973, 262.051670
255.273049, 250.118430, 275.970189, 267.558600, 260.698864, 271.365149, 258.767316, 262.151343, 254.681157, 261.900029, 264.650842, 239.670751, 248.683300, 258.251814, 274.832730, 256.620727, 245.780097, 259.461528, 254.210976, 257.566310, 261.705120, 251.831870, 261.643384, 259.464352, 247.347310, 246.711044, 270.972291, 242.376279, 256.870973, 262.051670
255.273049, 250.118430, 275.970189, 267.558600, 260.698864, 271.365149, 258.767316, 262.151343, 254.681157, 261.900029, 264.650842, 239.670751, 248.683300, 258.251814, 274.832730, 256.620727, 245.780097, 259.461528, 254.210976, 257.566310, 261.705120, 251.831870, 261.643384, 259.464352, 247.347310, 246.711044, 270.972291, 242.376279, 256.870973, 262.051670
255.273049, 250.118430, 275.970189, 267.558600, 260.698864, 271.365149, 258.767316, 262.151343, 254.681157, 261.900029, 264.650842, 239.670751, 248.683300, 258.251814, 274.832730, 256.620727, 245.780097, 259.461528, 254.210976, 257.566310, 261.705120, 251.831870, 261.643384, 259.464352, 247.347310, 246.711044, 270.972291, 242.376279, 256.870973, 262.051670
255.273049, 250.118430, 275.970189, 267.558600, 260.698864, 271.365149, 258.767316, 262.151343, 254.681157, 261.900029, 264.650842, 239.670751, 248.683300, 258.251814, 274.832730, 256.620727, 245.780097, 259.461528, 254.210976, 257.566310, 261.705120, 251.831870, 261.643384, 259.464352, 247.347310, 246.711044, 270.972291, 242.376279, 256.870973, 262.051670
255.273049, 250.118430, 275.970189, 267.558600, 260.698864, 271.365149, 258.767316, 262.151343, 254.681157, 261.900029, 264.650842, 239.670751, 248.683300, 258.251814, 274.832730, 256.620727, 245.780097, 259.461528, 254.210976, 257.566310, 261.705120, 251.831870, 261.643384, 259.464352, 247.347310, 246.711044, 270.972291, 242.376279, 256.870973, 262.051670
255.273049, 250.118430, 275.970189, 267.558600, 260.698864, 271.365149, 258.767316, 262.151343, 254.681157, 261.900029, 264.650842, 239.670751, 248.683300, 258.251814, 274.832730, 256.620727, 245.780097, 259.461528, 254.210976, 257.566310, 261.705120, 251.831870, 261.643384, 259.464352, 247.347310, 246.711044, 270.972291, 242.376279, 256.870973, 262.051670
255.273049, 250.118430, 275.970189, 267.558600, 260.698864, 271.365149, 258.767316, 262.151343, 254.681157, 261.900029, 264.650842, 239.670751, 248.683300, 258.251814, 274.832730, 256.620727, 245.780097, 259.461528, 254.210976, 257.566310, 261.705120, 251.831870, 261.643384, 259.464352, 247.347310, 246.711044, 270.972291, 242.376279, 256.870973, 262.051670
255.273049, 250.118430, 275.970189, 267.389149, 260.698864, 271.365149, 258.767316, 262.151343, 254.681157, 261.900029, 264.650842, 239.670751, 248.683300, 258.251814, 268.568107, 256.620727, 245.780097, 259.461528, 254.210976, 257.566310, 261.705120, 251.831870, 261.643384, 259.464352, 247.347310, 246.711044, 270.972291, 242.376279, 256.870973, 262.051670
255.273049, 250.118430, 275.970189, 267.389149, 260.698864, 271.365149, 258.767316, 262.151343, 254.681157, 261.900029, 264.650842, 239.670751, 248.683300, 258.251814, 268.568107, 256.620727, 245.780097, 259.461528, 254.210976, 257.566310, 261.705120, 251.831870, 261.643384, 259.464352, 247.347310, 246.711044, 270.972291, 242.376279, 256.870973, 262.051670
255.273049, 250.118430, 275.970189, 267.389149, 260.698864, 271.365149, 258.767316, 262.151343, 254.681157, 261.900029, 264.650842, 239.670751, 248.683300, 258.251814, 268.568107, 256.620727, 245.780097, 259.461528, 254.210976, 257.566310, 261.705120, 251.831870, 261.643384, 259.464352, 247.347310, 246.711044, 270.972291, 242.376279, 256.870973, 262.051670
255.273049, 250.118430, 275.970189, 267.389149, 260.698864, 271.365149, 258.767316, 262.151343, 254.681157, 261.900029, 264.650842, 239.670751, 248.683300, 258.251814, 268.568107, 256.620727, 245.780097, 259.461528, 254.210976, 257.566310, 261.705120, 251.831870, 261.643384, 259.464352, 247.347310, 246.711044, 270.972291, 242.376279, 256.870973, 262.051670
255.273049, 250.118430, 275.970189, 267.389149, 260.698864, 271.365149, 258.767316, 262.151343, 254.681157, 261.900029, 264.650842, 239.670751, 248.683300, 258.251814, 268.568107, 256.620727, 245.780097, 259.461528, 254.210976, 257.566310, 261.705120, 251.831870, 261.643384, 259.464352, 247.347310, 246.711044, 270.972291, 242.376279, 256.870973, 262.051670
255.273049, 250.118430, 275.970189, 267.389149, 260.698864, 271.365149, 258.767316, 262.151343, 254.681157, 261.900029, 264.650842, 239.670751, 248.683300, 258.251814, 268.568107, 256.620727, 245.780097, 259.461528, 254.210976, 257.566310, 261.705120, 251.831870, 261.643384, 259.464352, 247.347310, 246.711044, 270.972291, 242.376279, 256.870973, 262.051670
255.273049, 250.118430, 275.970189, 267.389149, 260.698864, 271.365149, 258.767316, 262.151343, 254.681157, 261.900029, 264.650842, 239.670751, 248.683300, 258.251814, 268.568107, 256.620727, 245.780097, 259.461528, 254.210976, 257.566310, 261.705120, 251.831870, 261.643384, 259.464352, 247.347310, 246.711044, 270.972291, 242.376279, 256.870973, 262.051670
255.273049, 250.118430, 275.970189, 267.389149, 260.698864, 271.365149, 258.767316, 262.151343, 254.681157, 261.900029, 264.650842, 239.670751, 248.683300, 258.251814, 268.568107, 256.620727, 245.780097, 259.461528, 254.210976, 257.566310, 261.705120, 251.831870, 261.643384, 259.464352, 247.347310, 246.711044, 270.972291, 242.376279, 256.870973, 262.051670
255.273049, 250.118430, 275.970189, 267.389149, 260.698864, 256.260605, 258.767316, 262.151343, 254.681157, 261.900029, 264.650842, 239.670751, 248.683300, 258.251814, 268.568107, 256.620727, 245.780097, 259.461528, 254.210976, 257.566310, 261.705120, 251.831870, 261.643384, 259.464352, 247.347310, 246.711044, 270.972291, 242.376279, 256.870973, 262.051670
255.273049, 250.118430, 275.970189, 267.389149, 260.698864, 256.260605, 258.767316, 262.151343, 254.681157, 261.900029, 264.650842, 239.670751, 248.683300, 258.251814, 268.568107, 256.620727, 245.780097, 259.461528, 254.210976, 257.566310, 261.705120, 251.831870, 261.643384, 259.464352, 247.347310, 246.711044, 270.972291, 242.376279, 256.870973, 262.051670
255.273049, 250.118430, 275.970189, 267.389149, 260.698864, 256.260605, 258.767316, 262.151343, 254.681157, 261.900029, 264.650842, 239.670751, 248.683300, 258.251814, 268.568107, 256.620727, 245.780097, 259.461528, 254.210976, 257.566310, 261.705120, 251.831870, 261.643384, 259.464352, 247.347310, 246.711044, 270.972291, 242.376279, 256.870973, 262.051670
255.273049, 250.118430, 275.970189, 267.389149, 260.698864, 256.260605, 258.767316, 262.151343, 254.681157, 261.900029, 264.650842, 239.670751, 248.683300, 258.251814, 268.568107, 256.620727, 245.780097, 259.461528, 254.210976, 257.566310, 261.705120, 251.831870, 261.643384, 259.464352, 247.347310, 246.711044, 270.972291, 242.376279, 256.870973, 262.051670
255.273049, 250.118430, 275.970189, 267.389149, 260.698864, 256.260605, 258.767316, 262.151343, 254.681157, 261.900029, 264.650842, 239.670751, 248.683300, 258.251814, 268.568107, 256.620727, 245.780097, 259.461528, 254.210976, 257.566310, 261.705120, 251.831870, 261.643384, 259.464352, 247.347310, 246.711044, 270.972291, 242.376279, 256.870973, 262.051670
255.273049, 250.118430, 275.970189, 267.389149, 260.698864, 256.260605, 258.767316, 262.151343, 254.681157, 261.900029, 264.650842, 239.670751, 248.683300, 258.251814, 268.568107, 256.620727, 245.780097, 259.461528, 254.210976, 257.566310, 261.705120, 251.831870, 261.643384, 259.464352, 247.347310, 246.711044, 270.972291, 242.376279, 256.870973, 262.051670
255.273049, 250.118430, 275.970189, 257.370124, 260.698864, 256.260605, 258.767316, 262.151343, 254.681157, 261.900029, 264.650842, 239.670751, 248.683300, 258.251814, 268.568107, 256.620727, 245.780097, 259.461528, 254.210976, 257.566310, 261.705120, 251.831870, 261.643384, 259.464352, 247.347310, 246.711044, 270.972291, 242.376279, 256.870973, 262.051670
251.390601, 250.118430, 275.970189, 257.370124, 260.698864, 256.260605, 258.767316, 262.151343, 254.681157, 261.900029, 264.650842, 239.670751, 248.683300, 258.251814, 268.568107, 256.620727, 245.780097, 259.461528, 254.210976, 257.566310, 261.705120, 251.831870, 261.643384, 259.464352, 247.347310, 246.711044, 270.972291, 242.376279, 256.870973, 262.051670
251.390601, 250.118430, 275.970189, 257.370124, 260.698864, 256.260605, 258.767316, 262.151343, 254.681157, 261.900029, 264.650842, 239.670751, 248.683300, 258.251814, 268.568107, 256.620727, 245.780097, 259.461528, 254.210976, 257.566310, 261.705120, 251.831870, 261.643384, 259.464352, 247.347310, 246.711044, 270.972291, 242.376279, 256.870973, 262.051670
251.390601, 250.118430, 275.970189, 257.370124, 225.425157, 256.260605, 258.767316, 262.151343, 254.681157, 261.900029, 264.650842, 239.670751, 248.683300, 258.251814, 268.568107, 256.620727, 245.780097, 259.461528, 254.210976, 257.566310, 261.705120, 251.831870, 261.643384, 259.464352, 247.347310, 246.711044, 270.972291, 242.376279, 256.870973, 262.051670
251.390601, 250.118430, 269.685609, 257.370124, 225.425157, 256.260605, 258.767316, 262.151343, 254.681157, 261.900029, 264.650842, 239.670751, 248.683300, 258.251814, 268.568107, 256.620727, 245.780097, 259.461528, 254.210976, 257.566310, 261.705120, 251.831870, 261.643384, 259.464352, 247.347310, 246.711044, 270.972291, 242.376279, 256.870973, 262.051670
251.390601, 250.118430, 269.685609, 257.370124, 225.425157, 256.260605, 258.767316, 262.151343, 254.681157, 261.900029, 264.650842, 239.670751, 248.683300, 258.251814, 268.568107, 256.620727, 245.780097, 259.461528, 254.210976, 257.566310, 261.705120, 251.831870, 261.643384, 259.464352, 247.347310, 246.711044, 270.972291, 242.376279, 256.870973, 262.051670
251.390601, 250.118430, 269.685609, 257.370124, 225.425157, 256.260605, 258.767316, 262.151343, 254.681157, 261.900029, 264.650842, 239.670751, 248.683300, 258.251814, 268.568107, 256.620727, 245.780097, 259.461528, 254.210976, 257.566310, 261.705120, 251.831870, 261.643384, 259.464352, 247.347310, 246.711044, 270.972291, 242.376279, 256.870973, 262.051670
251.390601, 250.118430, 269.685609, 257.370124, 225.425157, 256.260605, 258.767316, 262.151343, 254.681157, 261.900029, 264.650842, 239.670751, 248.683300, 258.251814, 268.568107, 256.620727, 245.780097, 259.461528, 254.210976, 257.566310, 261.705120, 251.831870, 261.643384, 259.464352, 247.347310, 246.711044, 270.972291, 242.376279, 256.870973, 262.051670
251.390601, 250.118430, 269.685609, 257.370124, 225.425157, 256.260605, 258.767316, 262.151343, 254.681157, 261.900029, 264.650842, 239.670751, 248.683300, 258.251814, 268.568107, 256.620727, 245.780097, 259.461528, 254.210976, 257.566310, 261.705120, 251.831870, 261.643384, 259.464352, 247.347310, 246.711044, 270.972291, 242.376279, 256.870973, 262.051670
251.390601, 250.118430, 269.685609, 257.370124, 225.425157, 256.260605, 258.767316, 262.151343, 254.681157, 261.900029, 264.650842, 239.670751, 248.683300, 258.251814, 268.568107, 256.620727, 245.780097, 259.461528, 254.210976, 257.566310, 261.705120, 251.831870, 261.643384, 259.464352, 247.347310, 246.711044, 270.972291, 242.376279, 256.870973, 262.051670
251.390601, 250.118430, 269.685609, 257.370124, 225.425157, 256.260605, 258.767316, 262.151343, 254.681157, 261.900029, 264.650842, 239.670751, 248.683300, 258.251814, 268.568107, 256.620727, 245.780097, 259.461528, 254.210976, 257.566310, 261.705120, 251.831870, 261.643384, 259.464352, 247.347310, 246.711044, 270.972291, 242.376279, 256.870973, 262.051670
251.390601, 250.118430, 269.685609, 257.370124, 225.425157, 256.260605, 258.767316, 262.151343, 254.681157, 261.900029, 264.650842, 239.670751, 248.683300, 258.251814, 268.568107, 256.620727, 245.780097, 259.461528, 254.210976, 257.566310, 261.705120, 251.831870, 261.643384, 259.464352, 247.347310, 246.711044, 270.972291, 242.376279, 256.870973, 262.051670
251.390601, 250.118430, 269.685609, 257.370124, 225.425157, 256.260605, 258.767316, 262.151343, 254.681157, 261.900029, 264.650842, 239.670751, 248.683300, 258.251814, 268.568107, 256.620727, 245.780097, 259.461528, 254.210976, 257.566310, 261.705120, 251.831870, 261.643384, 259.464352, 247.347310, 246.711044, 270.972291, 242.376279, 256.870973, 262.051670
251.390601, 250.118430, 269.685609, 257.370124, 225.425157, 256.260605, 258.767316, 262.151343, 254.681157, 261.900029, 259.521055, 239.670751, 248.683300, 258.251814, 268.568107, 256.620727, 245.780097, 259.461528, 254.210976, 257.566310, 261.705120, 251.831870, 261.643384, 259.464352, 247.347310, 246.711044, 270.972291, 242.376279, 256.870973, 262.051670
251.390601, 250.118430, 269.685609, 257.370124, 225.425157, 256.260605, 258.767316, 262.151343, 254.681157, 261.900029, 259.521055, 239.670751, 248.683300, 258.251814, 268.568107, 256.620727, 245.780097, 259.461528, 254.210976, 257.566310, 261.705120, 251.831870, 261.643384, 259.464352, 247.347310, 246.711044, 270.972291, 242.376279, 256.870973, 262.051670
251.390601, 250.118430, 269.685609, 257.370124, 225.425157, 256.260605, 258.767316, 262.151343, 254.681157, 261.900029, 259.521055, 239.670751, 248.683300, 258.251814, 268.568107, 256.620727, 245.780097, 259.461528, 254.210976, 257.566310, 261.705120, 251.831870, 261.643384, 259.464352, 247.347310, 246.711044, 270.972291, 242.376279, 256.870973, 262.051670
251.390601, 250.118430, 269.685609, 257.370124, 225.425157, 256.260605, 258.767316, 262.151343, 254.681157, 261.900029, 259.521055, 239.670751, 248.683300, 258.251814, 268.568107, 256.620727, 245.780097, 259.461528, 254.210976, 257.566310, 261.705120, 240.775132, 261.643384, 259.464352, 247.347310, 246.711044, 270.972291, 242.376279, 256.870973, 262.051670
251.390601, 250.118430, 269.685609, 257.370124, 225.425157, 256.260605, 258.767316, 262.151343, 254.681157, 261.900029, 259.521055, 239.670751, 248.683300, 258.251814, 268.568107, 256.620727, 245.780097, 259.461528, 254.210976, 257.566310, 261.705120, 240.775132, 261.643384, 259.464352, 247.347310, 246.711044, 270.972291, 242.376279, 256.870973, 262.051670
251.390601, 250.118430, 269.685609, 257.370124, 225.425157, 256.260605, 258.767316, 262.151343, 254.681157, 261.900029, 259.521055, 225.503037, 248.683300, 258.251814, 268.568107, 256.620727, 245.780097, 259.461528, 254.210976, 257.566310, 261.705120, 240.775132, 261.643384, 259.464352, 247.347310, 246.711044, 270.972291, 242.376279, 233.539112, 262.051670
251.390601, 250.118430, 269.685609, 257.370124, 225.425157, 256.260605, 258.767316, 262.151343, 254.681157, 261.900029, 259.521055, 225.503037, 248.683300, 258.251814, 268.568107, 256.620727, 245.780097, 259.461528, 254.210976, 257.566310, 261.705120, 240.775132, 256.867836, 259.464352, 247.347310, 246.711044, 270.972291, 242.376279, 233.539112, 262.051670
251.390601, 250.118430, 269.685609, 257.370124, 225.425157, 256.260605, 258.767316, 262.151343, 254.681157, 261.900029, 259.521055, 225.503037, 248.683300, 258.251814, 268.568107, 256.620727, 245.780097, 259.461528, 254.210976, 257.566310, 261.705120, 240.775132, 256.867836, 259.464352, 247.347310, 246.711044, 270.972291, 242.376279, 233.539112, 262.051670
251.390601, 250.118430, 269.685609, 257.370124, 225.425157, 256.260605, 258.767316, 262.151343, 254.681157, 261.900029, 259.521055, 225.503037, 248.683300, 258.251814, 264.206449, 256.620727, 245.780097, 259.461528, 254.210976, 257.566310, 261.705120, 240.775132, 256.867836, 259.464352, 247.347310, 246.711044, 270.972291, 242.376279, 233.539112, 262.051670
251.390601, 250.118430, 263.425002, 257.370124, 225.425157, 256.260605, 258.767316, 262.151343, 254.681157, 261.900029, 259.521055, 225.503037, 248.683300, 258.251814, 264.206449, 256.620727, 245.780097, 259.461528, 254.210976, 257.566310, 261.705120, 240.775132, 256.867836, 259.464352, 247.347310, 246.711044, 270.972291, 242.376279, 233.539112, 262.051670
251.390601, 250.118430, 263.425002, 257.370124, 225.425157, 256.260605, 258.767316, 262.151343, 254.681157, 261.900029, 259.521055, 225.503037, 248.683300, 258.251814, 264.206449, 256.620727, 245.780097, 259.461528, 254.210976, 257.566310, 261.705120, 240.775132, 256.867836, 259.464352, 247.347310, 246.711044, 270.972291, 242.376279, 233.539112, 262.051670
251.390601, 250.118430, 263.425002, 257.370124, 225.425157, 256.260605, 258.767316, 262.151343, 254.681157, 261.900029, 259.521055, 225.503037, 248.683300, 258.251814, 264.206449, 256.620727, 245.780097, 259.461528, 254.210976, 257.566310, 261.705120, 240.775132, 256.867836, 259.464352, 247.347310, 246.711044, 270.972291, 242.376279, 233.539112, 262.051670
251.390601, 250.118430, 263.425002, 257.370124, 225.425157, 256.260605, 258.767316, 262.151343, 254.681157, 261.900029, 259.521055, 225.503037, 248.683300, 258.251814, 264.206449, 256.620727, 245.780097, 259.461528, 254.210976, 257.566310, 261.705120, 240.775132, 256.867836, 259.464352, 247.347310, 246.711044, 270.972291, 207.004684, 233.539112, 262.051670
251.390601, 250.118430, 263.425002, 257.370124, 225.425157, 256.260605, 258.767316, 262.151343, 254.681157, 261.900029, 259.521055, 225.503037, 248.683300, 258.251814, 264.206449, 256.620727, 245.780097, 259.461528, 254.210976, 257.566310, 261.705120, 240.775132, 256.867836, 259.464352, 247.347310, 246.711044, 270.972291, 207.004684, 233.539112, 262.051670
251.390601, 250.118430, 263.425002, 257.370124, 225.425157, 256.260605, 258.767316, 262.151343, 254.681157, 261.900029, 259.521055, 225.503037, 248.683300, 258.251814, 264.206449, 256.620727, 245.780097, 259.461528, 254.210976, 257.566310, 261.705120, 240.775132, 256.867836, 259.464352, 247.347310, 246.711044, 270.972291, 207.004684, 233.539112, 262.051670
251.390601, 250.118430, 263.425002, 257.370124, 225.425157, 256.260605, 258.767316, 262.151343, 254.681157, 261.900029, 259.521055, 225.503037, 248.683300, 258.251814, 264.206449, 256.620727, 245.780097, 259.461528, 254.210976, 257.566310, 261.705120, 240.775132, 256.867836, 259.464352, 247.347310, 246.711044, 270.972291, 207.004684, 233.539112, 262.051670
251.390601, 250.118430, 263.425002, 257.370124, 225.425157, 256.260605, 258.767316, 262.151343, 254.681157, 261.900029, 259.521055, 225.503037, 248.683300, 258.251814, 264.206449, 256.620727, 245.780097, 259.461528, 254.210976, 257.566310, 261.705120, 240.775132, 256.867836, 259.464352, 247.347310, 246.711044, 270.972291, 207.004684, 233.539112, 262.051670
251.390601, 250.118430, 263.425002, 257.370124, 225.425157, 256.260605, 258.767316, 262.151343, 254.681157, 261.900029, 259.521055, 225.503037, 248.683300, 258.251814, 264.206449, 256.620727, 245.780097, 259.461528, 254.210976, 257.566310, 261.705120, 240.775132, 256.867836, 259.464352, 247.347310, 246.711044, 270.972291, 207.004684, 233.539112, 262.051670
251.390601, 250.118430, 263.425002, 257.370124, 225.425157, 256.260605, 258.767316, 262.151343, 254.681157, 261.900029, 259.521055, 225.503037, 248.683300, 258.251814, 264.206449, 256.620727, 245.780097, 259.461528, 254.210976, 257.566310, 261.705120, 240.775132, 256.867836, 259.464352, 247.347310, 246.711044, 270.972291, 207.004684, 233.539112, 262.051670
251.390601, 250.118430, 263.425002, 257.370124, 225.425157, 256.260605, 258.767316, 262.151343, 254.681157, 261.900029, 259.521055, 225.503037, 248.683300, 258.251814, 264.206449, 256.620727, 245.780097, 259.461528, 254.210976, 257.566310, 261.705120, 240.775132, 256.867836, 259.464352, 247.347310, 246.711044, 270.972291, 207.004684, 233.539112, 262.051670
251.390601, 250.118430, 263.425002, 257.370124, 225.425157, 256.260605, 258.767316, 262.151343, 254.681157, 261.900029, 259.521055, 225.503037, 248.683300, 258.251814, 264.206449, 256.620727, 245.780097, 259.461528, 254.210976, 257.566310, 261.705120, 240.775132, 256.867836, 259.464352, 247.347310, 246.711044, 270.972291, 207.004684, 233.539112, 262.051670
251.390601, 250.118430, 263.425002, 257.370124, 225.425157, 256.260605, 258.767316, 262.151343, 254.681157, 261.900029, 259.521055, 225.503037, 248.683300, 258.251814, 264.206449, 256.620727, 245.780097, 259.461528, 254.210976, 257.566310, 261.705120, 240.775132, 256.867836, 259.464352, 247.347310, 246.711044, 270.972291, 207.004684, 233.539112, 262.051670
251.390601, 250.118430, 263.425002, 257.370124, 225.425157, 256.260605, 258.767316, 262.151343, 254.681157, 261.900029, 259.521055, 225.503037, 248.683300, 258.251814, 264.206449, 256.620727, 245.780097, 259.461528, 254.210976, 257.566310, 261.705120, 240.775132, 256.867836, 259.464352, 247.347310, 246.711044, 270.972291, 207.004684, 233.539112, 262.051670
237.167985, 250.118430, 263.425002, 257.370124, 225.425157, 256.260605, 258.767316, 262.151343, 254.681157, 261.900029, 259.521055, 225.503037, 248.683300, 258.251814, 264.206449, 256.620727, 245.780097, 259.461528, 254.210976, 257.566310, 261.705120, 240.775132, 256.867836, 259.464352, 247.347310, 246.711044, 270.972291, 207.004684, 233.539112, 262.051670
237.167985, 250.118430, 263.425002, 257.370124, 225.425157, 256.260605, 258.767316, 262.151343, 254.681157, 261.900029, 245.984379, 225.503037, 248.683300, 258.251814, 264.206449, 256.620727, 245.780097, 259.461528, 254.210976, 257.566310, 261.705120, 240.775132, 256.867836, 259.464352, 247.347310, 246.711044, 270.972291, 207.004684, 233.539112, 262.051670
237.167985, 250.118430, 263.425002, 257.370124, 225.425157, 256.260605, 258.767316, 262.151343, 254.681157, 261.900029, 245.984379, 225.503037, 248.683300, 258.251814, 264.206449, 256.620727, 245.780097, 259.461528, 254.210976, 257.566310, 261.705120, 240.775132, 256.867836, 259.464352, 247.347310, 246.711044, 270.972291, 207.004684, 233.539112, 262.051670
237.167985, 250.118430, 263.425002, 257.370124, 225.425157, 256.260605, 258.767316, 262.151343, 254.681157, 261.900029, 245.984379, 225.503037, 248.683300, 242.323018, 264.206449, 256.431880, 245.780097, 259.461528, 254.210976, 257.566310, 261.705120, 240.775132, 256.867836, 259.464352, 247.347310, 246.711044, 270.972291, 207.004684, 233.539112, 262.051670
237.167985, 250.118430, 263.425002, 257.370124, 225.425157, 256.260605, 258.767316, 262.151343, 254.681157, 261.900029, 245.984379, 225.503037, 248.683300, 242.323018, 264.206449, 256.431880, 245.780097, 259.461528, 254.210976, 257.566310, 261.705120, 240.775132, 251.294677, 259.464352, 247.347310, 246.711044, 270.972291, 207.004684, 233.539112, 262.051670
237.167985, 250.118430, 263.425002, 257.370124, 225.425157, 256.260605, 258.767316, 262.151343, 254.681157, 261.900029, 245.984379, 225.503037, 248.683300, 242.323018, 264.206449, 256.431880, 245.780097, 259.461528, 254.210976, 257.566310, 261.705120, 240.775132, 251.294677, 259.464352, 247.347310, 246.711044, 270.972291, 207.004684, 233.539112, 262.051670
237.167985, 250.118430, 263.425002, 257.370124, 225.425157, 256.260605, 258.767316, 262.151343, 254.681157, 261.900029, 245.984379, 225.503037, 248.683300, 242.323018, 264.206449, 256.431880, 245.780097, 259.461528, 254.210976, 257.566310, 261.705120, 240.775132, 251.294677, 259.464352, 247.347310, 246.711044, 270.972291, 207.004684, 233.539112, 262.051670
237.167985, 250.118430, 263.425002, 257.370124, 225.425157, 256.260605, 258.767316, 262.151343, 254.681157, 261.900029, 245.984379, 225.503037, 248.683300, 242.323018, 264.206449, 256.431880, 245.780097, 259.461528, 254.210976, 257.566310, 261.705120, 240.775132, 251.294677, 259.464352, 247.347310, 246.711044, 270.972291, 207.004684, 233.539112, 262.051670
237.167985, 250.118430, 263.425002, 257.370124, 225.425157, 256.260605, 258.767316, 262.151343, 254.681157, 261.900029, 245.984379, 225.503037, 248.683300, 242.323018, 264.206449, 256.431880, 245.780097, 259.461528, 254.210976, 257.566310, 261.705120, 240.775132, 251.294677, 259.464352, 247.347310, 246.711044, 270.972291, 207.004684, 233.539112, 262.051670
237.167985, 250.118430, 263.425002, 257.370124, 225.425157, 256.260605, 258.767316, 262.151343, 254.681157, 261.900029, 245.984379, 225.503037, 248.683300, 242.323018, 264.206449, 256.431880, 245.780097, 259.461528, 254.210976, 257.566310, 261.705120, 240.775132, 251.294677, 259.464352, 247.347310, 246.711044, 270.972291, 207.004684, 233.539112, 262.051670
237.167985, 250.118430, 263.425002, 257.370124, 225.425157, 256.260605, 258.767316, 262.151343, 254.681157, 261.900029, 245.984379, 225.503037, 248.683300, 242.323018, 264.206449, 256.431880, 245.780097, 259.461528, 254.210976, 257.566310, 261.705120, 240.775132, 251.294677, 259.464352, 247.347310, 246.711044, 270.972291, 207.004684, 233.539112, 262.051670
237.167985, 250.118430, 263.425002, 257.370124, 225.425157, 256.260605, 258.767316, 262.151343, 254.681157, 261.900029, 245.984379, 225.503037, 248.683300, 242.323018, 264.206449, 256.431880, 245.780097, 259.461528, 254.210976, 257.566310, 261.705120, 240.775132, 251.294677, 259.464352, 247.347310, 246.711044, 270.972291, 207.004684, 233.539112, 262.051670
237.167985, 250.118430, 263.425002, 257.370124, 225.425157, 256.260605, 258.767316, 262.151343, 254.681157, 261.900029, 245.984379, 225.503037, 248.683300, 242.323018, 264.206449, 256.431880, 245.780097, 259.461528, 254.210976, 257.566310, 261.705120, 240.775132, 251.294677, 259.464352, 247.347310, 246.711044, 270.972291, 207.004684, 233.539112, 262.051670
237.167985, 250.118430, 263.425002, 257.370124, 225.425157, 256.260605, 258.767316, 262.151343, 254.681157, 261.900029, 245.984379, 225.503037, 248.683300, 242.323018, 264.206449, 256.431880, 245.780097, 259.461528, 254.210976, 257.566310, 261.705120, 240.775132, 251.294677, 259.464352, 247.347310, 246.711044, 270.972291, 207.004684, 233.539112, 262.051670
237.167985, 250.118430, 263.425002, 257.370124, 225.425157, 256.260605, 258.767316, 262.151343, 254.681157, 261.900029, 245.984379, 225.503037, 248.683300, 242.323018, 264.206449, 256.431880, 245.780097, 259.461528, 254.210976, 257.566310, 261.705120, 240.775132, 251.294677, 259.464352, 247.347310, 246.711044, 270.972291, 207.004684, 233.539112, 262.051670
237.167985, 250.118430, 263.425002, 257.370124, 225.425157, 256.260605, 258.767316, 262.151343, 254.681157, 261.900029, 245.984379, 225.503037, 248.683300, 242.323018, 264.206449, 256.431880, 245.780097, 259.461528, 254.210976, 257.566310, 261.705120, 240.775132, 251.294677, 259.464352, 247.347310, 246.711044, 270.972291, 207.004684, 233.539112, 262.051670
237.167985, 250.118430, 263.425002, 257.370124, 225.425157, 256.260605, 258.767316, 234.321644, 254.681157, 261.900029, 237.729053, 225.503037, 248.683300, 242.323018, 264.206449, 256.431880, 245.780097, 259.461528, 254.210976, 257.566310, 261.705120, 240.775132, 251.294677, 259.464352, 247.347310, 246.711044, 270.972291, 207.004684, 233.539112, 262.051670
237.167985, 250.118430, 263.425002, 257.370124, 225.425157, 256.260605, 258.767316, 234.321644, 254.681157, 261.900029, 237.729053, 225.503037, 248.683300, 242.323018, 264.206449, 256.431880, 245.780097, 259.461528, 254.210976, 257.566310, 261.705120, 240.775132, 251.294677, 259.464352, 247.347310, 246.711044, 270.972291, 207.004684, 233.539112, 262.051670
237.167985, 250.118430, 263.425002, 257.370124, 225.425157, 256.260605, 258.767316, 234.321644, 254.681157, 261.900029, 237.729053, 225.503037, 248.683300, 242.323018, 264.206449, 256.431880, 245.780097, 259.461528, 254.210976, 257.566310, 236.261423, 240.775132, 251.294677, 259.464352, 247.347310, 246.711044, 270.972291, 207.004684, 233.539112, 262.051670
237.167985, 250.118430, 263.425002, 257.370124, 225.425157, 256.260605, 258.767316, 234.321644, 254.681157, 261.900029, 237.729053, 225.503037, 248.683300, 242.323018, 264.206449, 256.431880, 245.780097, 259.461528, 254.210976, 257.566310, 236.261423, 240.775132, 251.294677, 259.464352, 247.347310, 246.711044, 270.972291, 207.004684, 233.539112, 262.051670
237.167985, 250.118430, 263.425002, 257.370124, 225.425157, 256.260605, 258.767316, 234.321644, 254.681157, 261.900029, 237.729053, 225.503037, 248.683300, 242.323018, 264.206449, 256.431880, 245.780097, 259.461528, 254.210976, 257.566310, 236.261423, 240.775132, 251.294677, 259.464352, 247.347310, 246.711044, 270.972291, 207.004684, 233.539112, 262.051670
237.167985, 250.118430, 263.425002, 257.370124, 225.425157, 256.260605, 258.767316, 234.321644, 254.681157, 261.900029, 237.729053, 225.503037, 248.683300, 242.323018, 264.206449, 256.431880, 245.780097, 259.461528, 254.210976, 257.566310, 236.261423, 240.775132, 251.294677, 259.464352, 247.347310, 246.711044, 270.972291, 207.004684, 233.539112, 262.051670
237.167985, 250.118430, 263.425002, 257.370124, 225.425157, 256.260605, 258.767316, 234.321644, 254.681157, 261.900029, 237.729053, 225.503037, 248.683300, 242.323018, 264.206449, 256.431880, 245.780097, 259.461528, 254.210976, 257.566310, 236.261423, 240.775132, 251.294677, 259.464352, 247.347310, 246.711044, 270.972291, 207.004684, 233.539112, 262.051670
237.167985, 250.118430, 263.425002, 257.370124, 225.425157, 256.260605, 258.767316, 234.321644, 254.681157, 261.900029, 237.729053, 225.503037, 248.683300, 242.323018, 264.206449, 256.431880, 245.780097, 259.461528, 254.210976, 257.566310, 236.261423, 240.775132, 251.294677, 259.464352, 247.347310, 246.711044, 270.972291, 207.004684, 233.539112, 262.051670
237.167985, 250.118430, 263.425002, 257.370124, 225.425157, 256.260605, 258.767316, 234.321644, 254.681157, 261.900029, 237.729053, 225.503037, 248.683300, 242.323018, 264.206449, 256.431880, 245.780097, 259.461528, 254.210976, 257.566310, 236.261423, 240.775132, 251.294677, 259.464352, 247.347310, 246.711044, 270.972291, 207.004684, 233.539112, 262.051670
237.167985, 250.118430, 263.425002, 257.370124, 225.425157, 256.260605, 258.767316, 234.321644, 254.681157, 261.900029, 237.729053, 225.503037, 248.683300, 242.323018, 264.206449, 256.431880, 245.780097, 259.461528, 254.210976, 257.566310, 236.261423, 240.775132, 251.294677, 259.464352, 247.347310, 246.711044, 270.972291, 207.004684, 233.539112, 262.051670
237.167985, 250.118430, 263.425002, 257.370124, 225.425157, 256.260605, 258.767316, 234.321644, 254.681157, 261.900029, 237.729053, 225.503037, 248.683300, 242.323018, 264.206449, 256.431880, 245.780097, 259.461528, 254.210976, 257.566310, 236.261423, 240.775132, 251.294677, 259.464352, 247.347310, 246.711044, 270.972291, 207.004684, 233.539112, 262.051670
237.167985, 250.118430, 263.425002, 257.370124, 225.425157, 256.260605, 258.767316, 234.321644, 254.681157, 261.900029, 237.729053, 225.503037, 248.683300, 242.323018, 264.206449, 256.431880, 245.780097, 259.461528, 254.210976, 257.566310, 236.261423, 240.775132, 251.294677, 259.464352, 247.347310, 246.711044, 263.263257, 207.004684, 233.539112, 262.051670
237.167985, 250.118430, 263.425002, 257.370124, 225.425157, 256.260605, 258.767316, 234.321644, 254.681157, 261.900029, 237.729053, 225.503037, 248.683300, 242.323018, 264.206449, 256.431880, 245.780097, 259.461528, 254.210976, 257.566310, 236.261423, 240.775132, 251.294677, 259.464352, 247.347310, 246.711044, 263.263257, 207.004684, 233.539112, 262.051670
237.167985, 250.118430, 263.425002, 257.370124, 225.425157, 256.260605, 258.767316, 234.321644, 254.681157, 261.900029, 237.729053, 225.503037, 248.683300, 242.323018, 264.206449, 256.431880, 245.780097, 259.461528, 254.210976, 257.566310, 236.261423, 240.775132, 251.294677, 259.464352, 247.347310, 246.711044, 263.263257, 207.004684, 233.539112, 262.051670
237.167985, 250.118430, 263.425002, 257.370124, 225.425157, 256.260605, 258.767316, 234.321644, 254.681157, 261.900029, 237.729053, 225.503037, 248.683300, 242.323018, 264.206449, 256.431880, 245.780097, 259.461528, 254.210976, 257.566310, 236.261423, 240.775132, 251.294677, 259.464352, 247.347310, 246.711044, 263.263257, 207.004684, 233.539112, 262.051670
237.167985, 250.118430, 263.425002, 257.370124, 225.425157, 256.260605, 258.767316, 234.321644, 254.681157, 261.900029, 237.729053, 225.503037, 248.683300, 242.323018, 264.206449, 256.431880, 245.780097, 259.461528, 254.210976, 257.566310, 236.261423, 240.775132, 251.294677, 259.464352, 247.347310, 246.711044, 263.263257, 207.004684, 233.539112, 262.051670
237.167985, 250.118430, 263.425002, 257.370124, 225.425157, 256.260605, 258.767316, 234.321644, 254.681157, 261.900029, 237.729053, 225.503037, 248.683300, 242.323018, 264.206449, 256.431880, 245.780097, 259.461528, 254.210976, 257.566310, 236.261423, 240.775132, 251.294677, 259.464352, 247.347310, 246.711044, 263.263257, 207.004684, 233.539112, 262.051670
237.167985, 250.118430, 263.425002, 257.370124, 225.425157, 256.260605, 258.767316, 234.321644, 254.681157, 261.900029, 237.729053, 225.503037, 248.683300, 242.323018, 264.206449, 256.431880, 245.780097, 259.461528, 254.210976, 257.566310, 236.261423, 240.775132, 251.294677, 259.464352, 247.347310, 246.711044, 263.263257, 207.004684, 233.539112, 262.051670
237.167985, 250.118430, 263.425002, 257.370124, 225.425157, 256.260605, 258.767316, 234.321644, 254.681157, 261.900029, 237.729053, 225.503037, 248.683300, 242.323018, 245.609957, 256.431880, 245.780097, 259.461528, 254.210976, 257.566310, 236.261423, 240.775132, 251.294677, 259.464352, 247.347310, 246.711044, 263.263257, 207.004684, 233.539112, 262.051670
237.167985, 250.118430, 263.425002, 257.370124, 225.425157, 256.260605, 258.767316, 234.321644, 254.681157, 261.900029, 237.729053, 225.503037, 248.683300, 242.323018, 245.609957, 256.431880, 245.780097, 259.461528, 254.210976, 257.566310, 236.261423, 240.775132, 251.294677, 259.464352, 247.347310, 246.711044, 263.263257, 207.004684, 233.539112, 262.051670
237.167985, 250.118430, 263.425002, 257.370124, 225.425157, 256.260605, 258.767316, 234.321644, 254.681157, 261.900029, 237.729053, 225.503037, 248.683300, 242.323018, 245.609957, 256.431880, 245.780097, 259.461528, 254.210976, 257.566310, 236.261423, 240.775132, 251.294677, 259.464352, 247.347310, 246.711044, 263.263257, 207.004684, 233.539112, 262.051670
237.167985, 250.118430, 263.425002, 257.370124, 225.425157, 256.260605, 258.767316, 234.321644, 254.681157, 261.900029, 237.729053, 225.503037, 248.683300, 242.323018, 245.609957, 256.431880, 245.780097, 259.461528, 254.210976, 257.566310, 236.261423, 240.775132, 251.294677, 259.464352, 247.347310, 246.711044, 263.263257, 207.004684, 233.539112, 262.051670
237.167985, 250.118430, 263.425002, 257.370124, 225.425157, 256.260605, 258.767316, 234.321644, 254.681157, 261.900029, 237.729053, 225.503037, 248.683300, 242.323018, 245.609957, 256.431880, 245.780097, 259.461528, 254.210976, 257.566310, 236.261423, 240.775132, 251.294677, 259.464352, 247.347310, 246.711044, 263.263257, 207.004684, 233.539112, 262.051670
237.167985, 250.118430, 263.425002, 257.370124, 225.425157, 256.260605, 258.767316, 234.321644, 254.681157, 261.900029, 237.729053, 225.503037, 248.683300, 242.323018, 245.609957, 256.431880, 245.780097, 259.461528, 254.210976, 257.566310, 236.261423, 240.775132, 251.294677, 259.464352, 247.347310, 246.711044, 263.263257, 207.004684, 233.539112, 262.051670
237.167985, 250.118430, 263.425002, 257.370124, 225.425157, 256.260605, 258.767316, 234.321644, 254.681157, 261.900029, 237.729053, 225.503037, 248.683300, 242.323018, 245.609957, 256.431880, 245.780097, 259.461528, 254.210976, 257.566310, 236.261423, 240.775132, 251.294677, 259.464352, 247.347310, 246.711044, 263.263257, 207.004684, 233.539112, 262.051670
237.167985, 250.118430, 263.425002, 257.370124, 225.425157, 256.260605, 258.767316, 234.321644, 254.681157, 261.900029, 237.729053, 225.503037, 248.683300, 242.323018, 245.609957, 256.431880, 245.780097, 259.461528, 254.210976, 257.566310, 236.261423, 240.775132, 251.294677, 259.464352, 247.347310, 246.711044, 263.263257, 207.004684, 233.539112, 262.051670
237.167985, 250.118430, 263.425002, 257.370124, 225.425157, 256.260605, 258.767316, 234.321644, 254.681157, 261.900029, 237.729053, 225.503037, 248.683300, 242.323018, 245.609957, 256.431880, 245.780097, 259.461528, 254.210976, 257.566310, 236.261423, 240.775132, 251.294677, 259.464352, 247.347310, 246.711044, 263.263257, 207.004684, 233.539112, 262.051670
237.167985, 250.118430, 263.425002, 257.370124, 225.425157, 256.260605, 258.767316, 234.321644, 254.681157, 261.900029, 237.729053, 225.503037, 248.683300, 242.323018, 245.609957, 256.431880, 245.780097, 259.461528, 254.210976, 257.566310, 236.261423, 240.775132, 251.294677, 259.464352, 247.347310, 246.711044, 263.263257, 207.004684, 233.539112, 262.051670
237.167985, 250.118430, 263.425002, 257.370124, 225.425157, 256.260605, 258.767316, 234.321644, 254.681157, 261.900029, 237.729053, 225.503037, 248.683300, 242.323018, 245.609957, 256.431880, 245.780097, 259.461528, 254.210976, 257.566310, 236.261423, 240.775132, 251.294677, 259.464352, 247.347310, 246.711044, 263.263257, 207.004684, 233.539112, 262.051670
237.167985, 250.118430, 263.425002, 257.370124, 225.425157, 256.260605, 258.767316, 234.321644, 254.681157, 261.900029, 237.729053, 225.503037, 248.683300, 242.323018, 245.609957, 256.431880, 245.780097, 259.461528, 254.210976, 257.566310, 236.261423, 240.775132, 251.294677, 259.464352, 247.347310, 246.711044, 263.263257, 207.004684, 233.539112, 262.051670
237.167985, 250.118430, 263.425002, 257.370124, 225.425157, 256.260605, 258.767316, 234.321644, 254.681157, 261.900029, 237.729053, 225.503037, 248.683300, 242.323018, 245.609957, 256.431880, 245.780097, 259.461528, 254.210976, 257.566310, 236.261423, 240.775132, 251.294677, 259.464352, 247.347310, 246.711044, 263.263257, 207.004684, 233.539112, 262.051670
237.167985, 250.118430, 263.425002, 257.370124, 225.425157, 256.260605, 258.767316, 234.321644, 254.681157, 261.900029, 237.729053, 225.503037, 248.683300, 242.323018, 245.609957, 256.431880, 245.780097, 259.461528, 254.210976, 257.566310, 236.261423, 240.775132, 251.294677, 259.464352, 247.347310, 246.711044, 263.263257, 207.004684, 233.539112, 262.051670
237.167985, 250.118430, 263.425002, 257.370124, 225.425157, 256.260605, 258.767316, 234.321644, 254.681157, 261.900029, 237.729053, 225.503037, 248.683300, 242.323018, 206.095438, 256.431880, 245.780097, 259.461528, 254.210976, 257.566310, 236.261423, 240.775132, 251.294677, 259.464352, 247.347310, 246.711044, 263.263257, 207.004684, 233.539112, 262.051670
237.167985, 250.118430, 263.425002, 257.370124, 225.425157, 256.260605, 239.226849, 234.321644, 254.681157, 261.900029, 237.729053, 225.503037, 248.683300, 242.323018, 206.095438, 256.431880, 245.780097, 259.461528, 254.210976, 257.566310, 236.261423, 240.775132, 251.294677, 259.464352, 247.347310, 246.711044, 263.263257, 207.004684, 233.539112, 262.051670
237.167985, 250.118430, 263.425002, 257.370124, 225.425157, 256.260605, 239.226849, 234.321644, 254.681157, 261.900029, 237.729053, 225.503037, 248.683300, 242.323018, 206.095438, 256.431880, 245.780097, 259.461528, 254.210976, 257.566310, 236.261423, 240.775132, 251.294677, 259.464352, 247.347310, 246.711044, 263.263257, 207.004684, 233.539112, 262.051670
237.167985, 250.118430, 263.425002, 257.370124, 225.425157, 256.260605, 239.226849, 234.321644, 254.681157, 261.900029, 237.729053, 225.503037, 248.683300, 242.323018, 206.095438, 256.431880, 245.780097, 259.461528, 254.210976, 257.566310, 236.261423, 240.775132, 251.294677, 259.464352, 247.347310, 246.711044, 263.263257, 207.004684, 233.539112, 262.051670
237.167985, 250.118430, 263.425002, 257.370124, 225.425157, 256.260605, 239.226849, 234.321644, 254.681157, 261.900029, 237.729053, 225.503037, 248.683300, 242.323018, 206.095438, 256.431880, 245.780097, 259.461528, 254.210976, 257.566310, 236.261423, 240.775132, 251.294677, 259.464352, 247.347310, 246.711044, 256.152010, 207.004684, 233.539112, 262.051670
237.167985, 250.118430, 263.425002, 257.370124, 225.425157, 256.260605, 239.226849, 234.321644, 254.681157, 261.900029, 237.729053, 225.503037, 248.683300, 242.323018, 206.095438, 256.431880, 245.780097, 259.461528, 254.210976, 257.566310, 236.261423, 240.775132, 251.294677, 259.464352, 247.347310, 246.711044, 256.152010, 207.004684, 233.539112, 262.051670
237.167985, 250.118430, 263.425002, 257.370124, 225.425157, 256.260605, 239.226849, 234.321644, 254.681157, 261.900029, 237.729053, 225.503037, 248.683300, 242.323018, 206.095438, 256.431880, 245.780097, 259.461528, 254.210976, 257.566310, 236.261423, 240.775132, 251.294677, 259.464352, 247.347310, 246.711044, 256.152010, 207.004684, 233.539112, 262.051670
237.167985, 250.118430, 263.425002, 257.370124, 225.425157, 256.260605, 239.226849, 234.321644, 254.681157, 261.900029, 237.729053, 225.503037, 248.683300, 242.323018, 206.095438, 256.431880, 245.780097, 259.461528, 254.210976, 257.566310, 236.261423, 240.775132, 251.294677, 259.464352, 247.347310, 246.711044, 256.152010, 207.004684, 233.539112, 254.601333
237.167985, 250.118430, 263.425002, 257.370124, 225.425157, 256.260605, 239.226849, 234.321644, 254.681157, 261.900029, 237.729053, 225.503037, 248.683300, 242.323018, 206.095438, 256.431880, 245.780097, 259.461528, 254.210976, 257.566310, 236.261423, 240.775132, 251.294677, 259.464352, 247.347310, 246.711044, 256.152010, 207.004684, 233.539112, 254.601333
237.167985, 250.118430, 263.425002, 257.370124, 225.425157, 256.260605, 239.226849, 234.321644, 254.681157, 261.900029, 237.729053, 225.503037, 248.683300, 242.323018, 206.095438, 256.431880, 245.780097, 259.461528, 254.210976, 257.566310, 236.261423, 240.775132, 251.294677, 259.464352, 247.347310, 246.711044, 256.152010, 207.004684, 233.539112, 254.601333
237.167985, 250.118430, 263.425002, 257.370124, 225.425157, 256.260605, 239.226849, 234.321644, 254.681157, 261.900029, 237.729053, 225.503037, 248.683300, 242.323018, 206.095438, 256.431880, 245.780097, 259.461528, 254.210976, 257.566310, 236.261423, 240.775132, 251.294677, 259.464352, 247.347310, 246.711044, 256.152010, 207.004684, 233.539112, 254.601333
237.167985, 250.118430, 263.425002, 257.370124, 225.425157, 256.260605, 239.226849, 234.321644, 254.681157, 261.900029, 237.729053, 225.503037, 248.683300, 242.323018, 206.095438, 256.431880, 245.780097, 259.461528, 254.210976, 257.566310, 236.261423, 240.775132, 251.294677, 259.464352, 247.347310, 246.711044, 256.152010, 207.004684, 233.539112, 254.601333
237.167985, 250.118430, 263.425002, 257.370124, 225.425157, 256.260605, 239.226849, 234.321644, 254.681157, 261.900029, 237.729053, 225.503037, 248.683300, 242.323018, 206.095438, 256.431880, 245.780097, 259.461528, 254.210976, 257.566310, 236.261423, 240.775132, 251.294677, 259.464352, 247.347310, 246.711044, 256.152010, 207.004684, 233.539112, 254.601333
237.167985, 250.118430, 263.425002, 257.370124, 225.425157, 256.260605, 239.226849, 234.321644, 254.681157, 261.900029, 237.729053, 225.503037, 248.683300, 242.323018, 206.095438, 256.431880, 245.780097, 259.461528, 254.210976, 257.566310, 236.261423, 240.775132, 251.294677, 259.464352, 247.347310, 246.711044, 256.152010, 207.004684, 233.539112, 254.601333
237.167985, 250.118430, 263.425002, 257.370124, 225.425157, 256.260605, 239.226849, 234.321644, 254.681157, 261.900029, 237.729053, 225.503037, 248.683300, 242.323018, 206.095438, 256.431880, 245.780097, 259.461528, 254.210976, 257.566310, 236.261423, 240.775132, 251.294677, 259.464352, 247.347310, 246.711044, 256.152010, 207.004684, 233.539112, 254.601333
237.167985, 250.118430, 263.425002, 257.370124, 225.425157, 256.260605, 239.226849, 234.321644, 254.681157, 261.900029, 237.729053, 225.503037, 248.683300, 242.323018, 206.095438, 256.431880, 245.780097, 259.461528, 254.210976, 257.566310, 236.261423, 240.775132, 251.294677, 259.464352, 247.347310, 246.711044, 256.152010, 207.004684, 233.539112, 254.601333
237.167985, 250.118430, 263.425002, 257.370124, 225.425157, 256.260605, 239.226849, 234.321644, 254.681157, 261.900029, 237.729053, 225.503037, 248.683300, 242.323018, 206.095438, 256.431880, 245.780097, 259.461528, 254.210976, 257.566310, 236.261423, 240.775132, 251.294677, 259.464352, 247.347310, 246.711044, 256.152010, 207.004684, 233.539112, 254.601333
