experimento1, experimento2, experimento3, experimento4, experimento5, experimento6, experimento7, experimento8, experimento9, experimento10, experimento11, experimento12, experimento13, experimento14, experimento15, experimento16, experimento17, experimento18, experimento19, experimento20, experimento21, experimento22, experimento23, experimento24, experimento25, experimento26, experimento27, experimento28, experimento29, experimento30
354.605526, 353.883236, 354.498804, 342.262988, 346.713489, 379.591168, 281.009344, 299.676109, 360.083186, 345.070445, 391.940091, 321.425171, 262.415919, 356.509889, 336.458643, 333.630900, 395.563182, 325.063252, 346.850805, 318.280628, 377.186412, 335.633884, 325.055752, 325.972308, 361.814535, 271.755224, 315.492685, 310.287176, 330.653452, 290.673262
329.623806, 338.155271, 301.714337, 326.659133, 299.720550, 339.168388, 279.082426, 299.676109, 319.320982, 271.694495, 265.896293, 255.539177, 262.415919, 305.703274, 313.580097, 333.630900, 335.686337, 273.993394, 268.411588, 287.060533, 321.368375, 275.381021, 313.652346, 325.972308, 277.716722, 271.755224, 310.452095, 273.626199, 330.653452, 288.826986
277.422865, 300.244015, 295.139316, 269.984559, 299.720550, 270.003533, 279.082426, 299.676109, 296.029078, 271.694495, 263.573382, 255.539177, 262.415919, 298.488637, 294.579593, 332.915353, 307.824510, 273.993394, 268.411588, 285.194111, 310.525260, 275.381021, 313.652346, 325.972308, 277.716722, 271.755224, 297.275198, 273.626199, 258.865777, 288.826986
256.032665, 284.136877, 295.139316, 269.984559, 299.720550, 270.003533, 279.082426, 236.638266, 274.887881, 271.694495, 263.573382, 255.539177, 262.415919, 267.682621, 274.709477, 300.475554, 287.740984, 273.993394, 255.051668, 285.194111, 310.525260, 275.381021, 313.652346, 311.271689, 277.716722, 271.755224, 293.107390, 273.626199, 258.865777, 288.826986
256.032665, 284.136877, 295.139316, 269.984559, 242.297881, 270.003533, 279.082426, 236.638266, 274.887881, 271.694495, 263.573382, 255.539177, 198.893728, 267.682621, 274.709477, 271.098272, 287.740984, 273.993394, 255.051668, 276.434985, 310.525260, 275.381021, 291.925618, 246.381331, 277.716722, 271.755224, 240.431983, 273.626199, 258.865777, 275.405809
256.032665, 284.136877, 295.139316, 269.984559, 242.297881, 270.003533, 279.082426, 236.638266, 274.887881, 271.694495, 263.573382, 255.539177, 198.893728, 267.682621, 234.296339, 271.098272, 287.740984, 273.993394, 255.051668, 276.434985, 303.682875, 275.381021, 291.925618, 246.381331, 277.716722, 267.221788, 240.431983, 240.517642, 258.865777, 275.405809
256.032665, 284.136877, 295.139316, 269.984559, 242.297881, 270.003533, 257.072402, 236.638266, 227.978461, 271.694495, 263.573382, 251.349061, 198.893728, 267.682621, 234.296339, 271.098272, 287.740984, 273.993394, 255.051668, 276.434985, 303.682875, 275.381021, 291.925618, 246.381331, 277.716722, 261.599636, 240.431983, 240.517642, 258.865777, 275.405809
256.032665, 271.146897, 295.139316, 269.984559, 242.297881, 270.003533, 257.072402, 236.638266, 227.978461, 271.694495, 262.429622, 251.349061, 198.893728, 267.682621, 234.296339, 252.728975, 287.740984, 273.993394, 255.051668, 256.365205, 264.004640, 275.381021, 291.925618, 246.381331, 277.716722, 228.597583, 240.431983, 240.517642, 258.865777, 275.405809
256.032665, 271.146897, 294.440272, 269.984559, 242.297881, 270.003533, 257.072402, 236.638266, 227.978461, 271.694495, 262.429622, 251.349061, 198.893728, 267.682621, 234.296339, 252.728975, 287.740984, 273.993394, 255.051668, 256.365205, 264.004640, 275.381021, 291.925618, 246.381331, 277.716722, 228.597583, 240.431983, 240.517642, 258.865777, 275.405809
256.032665, 271.146897, 294.440272, 230.620528, 242.297881, 270.003533, 257.072402, 236.638266, 227.978461, 271.694495, 262.429622, 251.349061, 198.893728, 267.682621, 234.296339, 252.728975, 261.453436, 273.993394, 255.051668, 256.365205, 264.004640, 275.381021, 291.925618, 246.381331, 277.716722, 228.597583, 240.431983, 240.517642, 258.865777, 275.405809
256.032665, 271.146897, 294.440272, 230.620528, 242.297881, 270.003533, 257.072402, 236.638266, 227.978461, 271.694495, 262.429622, 251.349061, 198.893728, 267.682621, 234.296339, 252.728975, 261.453436, 273.993394, 255.051668, 256.365205, 264.004640, 275.381021, 289.284743, 246.381331, 262.837446, 228.597583, 240.431983, 240.517642, 258.865777, 275.405809
256.032665, 254.852743, 294.440272, 230.620528, 242.297881, 270.003533, 257.072402, 236.638266, 227.978461, 271.694495, 262.429622, 251.349061, 198.893728, 267.682621, 234.296339, 252.728975, 261.453436, 262.477739, 255.051668, 256.365205, 264.004640, 275.381021, 289.284743, 246.381331, 262.837446, 228.597583, 240.431983, 239.810058, 258.865777, 275.405809
256.032665, 254.852743, 294.440272, 230.620528, 242.297881, 270.003533, 257.072402, 236.638266, 227.978461, 271.694495, 262.429622, 251.349061, 198.893728, 267.682621, 234.296339, 252.728975, 261.453436, 242.917583, 255.051668, 256.365205, 264.004640, 253.910695, 288.560082, 246.381331, 255.725429, 228.597583, 240.431983, 239.810058, 258.865777, 275.405809
256.032665, 254.852743, 294.440272, 230.620528, 242.297881, 270.003533, 257.072402, 236.638266, 227.978461, 271.694495, 262.429622, 251.349061, 198.893728, 267.682621, 234.296339, 252.728975, 261.453436, 242.917583, 255.051668, 256.365205, 264.004640, 253.910695, 288.560082, 246.381331, 255.725429, 228.597583, 240.431983, 239.810058, 258.865777, 275.405809
256.032665, 254.852743, 294.440272, 230.620528, 242.297881, 270.003533, 257.072402, 236.638266, 227.978461, 271.694495, 262.429622, 241.284486, 198.893728, 243.509088, 234.296339, 252.728975, 261.453436, 242.917583, 255.051668, 256.365205, 264.004640, 253.910695, 254.757150, 246.381331, 255.725429, 228.597583, 240.431983, 239.810058, 258.865777, 275.405809
256.032665, 254.852743, 294.440272, 230.620528, 242.297881, 265.444592, 222.973787, 236.638266, 227.978461, 271.694495, 262.429622, 241.284486, 198.893728, 243.509088, 234.296339, 252.728975, 261.453436, 242.917583, 255.051668, 256.365205, 264.004640, 228.589911, 254.757150, 246.381331, 255.725429, 228.597583, 240.431983, 239.810058, 258.865777, 275.405809
256.032665, 254.852743, 293.564779, 230.620528, 242.297881, 265.444592, 222.973787, 236.638266, 227.978461, 271.694495, 262.429622, 241.284486, 198.893728, 243.509088, 234.296339, 252.728975, 261.453436, 242.917583, 255.051668, 256.365205, 264.004640, 228.589911, 254.757150, 246.381331, 255.725429, 228.597583, 240.431983, 239.810058, 258.865777, 275.405809
256.032665, 247.661179, 293.564779, 230.620528, 242.297881, 265.444592, 222.973787, 236.638266, 227.978461, 271.694495, 262.429622, 241.284486, 198.893728, 243.509088, 234.296339, 251.100910, 261.453436, 242.917583, 255.051668, 256.365205, 264.004640, 228.589911, 254.757150, 246.381331, 255.725429, 228.597583, 240.431983, 239.810058, 258.865777, 275.405809
256.032665, 247.661179, 286.990725, 230.620528, 242.297881, 265.444592, 222.973787, 236.638266, 227.978461, 242.532693, 262.429622, 241.284486, 198.893728, 243.509088, 234.296339, 251.100910, 261.453436, 242.917583, 255.051668, 256.365205, 264.004640, 228.589911, 254.757150, 246.381331, 255.725429, 228.597583, 240.431983, 239.810058, 258.865777, 275.405809
256.032665, 241.180938, 286.990725, 230.620528, 242.297881, 265.444592, 222.973787, 236.638266, 227.978461, 242.532693, 262.429622, 241.284486, 198.893728, 241.089037, 234.296339, 251.100910, 261.453436, 242.917583, 255.051668, 256.365205, 264.004640, 228.589911, 254.757150, 246.381331, 255.725429, 228.597583, 240.431983, 239.810058, 258.865777, 228.383580
256.032665, 241.180938, 286.990725, 230.620528, 242.297881, 265.444592, 222.973787, 236.638266, 227.978461, 241.607998, 262.429622, 241.284486, 198.893728, 241.089037, 234.296339, 251.100910, 261.453436, 242.917583, 255.051668, 256.365205, 264.004640, 228.589911, 254.757150, 246.381331, 255.725429, 228.597583, 240.431983, 239.810058, 258.865777, 228.383580
256.032665, 241.180938, 260.043733, 230.620528, 242.297881, 265.444592, 222.973787, 236.638266, 227.978461, 241.607998, 262.429622, 241.284486, 198.893728, 241.089037, 234.296339, 251.100910, 261.453436, 242.917583, 255.051668, 256.365205, 264.004640, 228.589911, 254.757150, 246.381331, 255.725429, 228.597583, 240.431983, 239.810058, 258.865777, 228.383580
256.032665, 241.180938, 260.043733, 230.620528, 242.297881, 265.444592, 222.973787, 236.638266, 227.978461, 241.607998, 262.429622, 241.284486, 198.893728, 241.089037, 234.296339, 251.100910, 261.453436, 242.917583, 255.051668, 256.365205, 264.004640, 228.589911, 254.757150, 246.381331, 255.725429, 228.597583, 240.431983, 239.810058, 258.865777, 228.383580
256.032665, 241.180938, 255.556710, 230.620528, 242.297881, 265.444592, 222.973787, 236.638266, 227.978461, 241.607998, 262.429622, 241.284486, 198.893728, 241.089037, 234.296339, 251.100910, 261.453436, 242.917583, 255.051668, 253.406337, 264.004640, 228.589911, 254.757150, 246.381331, 255.725429, 228.597583, 240.431983, 239.810058, 232.040804, 228.383580
256.032665, 241.180938, 255.213964, 230.620528, 242.297881, 264.395695, 222.973787, 236.638266, 227.978461, 241.607998, 262.429622, 241.284486, 198.893728, 241.089037, 234.296339, 251.100910, 261.453436, 242.917583, 255.051668, 253.406337, 264.004640, 228.589911, 254.757150, 246.381331, 255.725429, 228.597583, 240.431983, 239.810058, 213.251467, 228.383580
256.032665, 241.180938, 255.213964, 230.620528, 242.297881, 264.395695, 222.973787, 236.638266, 227.978461, 241.607998, 262.429622, 241.284486, 198.893728, 241.089037, 234.296339, 251.100910, 261.453436, 242.917583, 255.051668, 253.406337, 256.603886, 228.589911, 254.757150, 246.381331, 255.725429, 228.597583, 240.431983, 239.810058, 213.251467, 228.383580
256.032665, 241.180938, 255.213964, 230.620528, 242.297881, 264.395695, 222.973787, 236.638266, 227.978461, 241.607998, 247.802544, 241.284486, 198.893728, 241.089037, 234.296339, 251.100910, 261.453436, 242.917583, 255.051668, 253.406337, 256.603886, 228.589911, 254.757150, 246.381331, 255.725429, 228.597583, 240.431983, 239.810058, 213.251467, 228.383580
256.032665, 241.180938, 255.213964, 230.620528, 242.297881, 264.395695, 222.973787, 236.638266, 227.978461, 241.607998, 247.802544, 241.284486, 198.893728, 241.089037, 234.296339, 251.100910, 261.453436, 242.917583, 252.462934, 253.406337, 256.603886, 228.589911, 254.757150, 246.381331, 255.725429, 228.597583, 240.431983, 239.810058, 213.251467, 228.383580
256.032665, 241.180938, 255.213964, 230.620528, 242.297881, 264.395695, 222.973787, 236.638266, 227.978461, 241.607998, 245.174363, 241.284486, 198.893728, 241.089037, 234.296339, 251.100910, 249.844726, 242.917583, 252.462934, 253.406337, 256.603886, 228.589911, 254.757150, 246.381331, 255.725429, 228.597583, 240.431983, 239.810058, 213.251467, 228.383580
256.032665, 241.180938, 255.213964, 230.620528, 242.297881, 264.395695, 222.973787, 236.638266, 227.978461, 241.607998, 245.174363, 241.284486, 198.893728, 241.089037, 234.296339, 251.100910, 249.844726, 242.917583, 252.462934, 253.406337, 256.603886, 228.589911, 254.757150, 246.381331, 255.725429, 228.597583, 240.431983, 239.810058, 213.251467, 228.383580
256.032665, 241.180938, 255.213964, 230.620528, 242.297881, 264.395695, 222.973787, 236.638266, 227.978461, 241.607998, 245.174363, 241.284486, 198.893728, 241.089037, 234.296339, 251.100910, 249.844726, 242.917583, 252.462934, 253.406337, 256.603886, 228.589911, 240.249880, 246.381331, 255.725429, 228.597583, 240.431983, 239.810058, 213.251467, 228.383580
256.032665, 241.180938, 255.213964, 230.620528, 242.297881, 264.395695, 222.973787, 235.043174, 227.978461, 241.607998, 245.174363, 241.284486, 198.893728, 241.089037, 234.296339, 251.100910, 249.844726, 242.917583, 252.462934, 253.406337, 256.603886, 228.589911, 240.249880, 246.381331, 250.636061, 228.597583, 240.431983, 239.810058, 213.251467, 228.383580
256.032665, 241.180938, 255.213964, 230.620528, 242.297881, 248.645199, 222.973787, 235.043174, 227.978461, 241.607998, 245.174363, 241.284486, 198.893728, 241.089037, 234.296339, 251.100910, 249.844726, 242.917583, 252.462934, 253.406337, 256.603886, 228.589911, 240.249880, 246.381331, 236.016160, 228.597583, 240.431983, 239.810058, 213.251467, 228.383580
256.032665, 241.180938, 255.213964, 230.620528, 242.297881, 248.645199, 222.973787, 235.043174, 227.978461, 241.607998, 245.174363, 241.284486, 198.893728, 241.089037, 234.296339, 251.100910, 249.844726, 242.917583, 252.462934, 253.406337, 256.603886, 228.589911, 240.249880, 246.381331, 236.016160, 228.597583, 240.431983, 239.810058, 213.251467, 228.383580
256.032665, 241.180938, 255.213964, 230.620528, 242.297881, 248.645199, 222.973787, 235.043174, 227.978461, 241.607998, 245.174363, 241.284486, 198.893728, 241.089037, 234.296339, 251.100910, 249.844726, 242.917583, 252.462934, 253.406337, 256.603886, 228.589911, 240.249880, 246.381331, 236.016160, 228.597583, 240.431983, 239.810058, 213.251467, 228.383580
256.032665, 241.180938, 255.213964, 230.620528, 242.297881, 248.645199, 222.973787, 235.043174, 227.978461, 241.607998, 245.174363, 241.284486, 198.893728, 241.089037, 234.296339, 251.100910, 246.095811, 242.917583, 252.462934, 253.406337, 256.603886, 228.589911, 240.249880, 246.381331, 236.016160, 228.597583, 240.431983, 239.810058, 213.251467, 228.383580
256.032665, 241.180938, 255.213964, 230.620528, 242.297881, 248.645199, 222.973787, 235.043174, 227.978461, 241.607998, 245.174363, 241.284486, 198.893728, 241.089037, 234.296339, 251.100910, 246.095811, 242.917583, 252.462934, 253.406337, 256.603886, 228.589911, 240.249880, 246.381331, 236.016160, 228.597583, 240.431983, 239.810058, 213.251467, 228.383580
256.032665, 241.180938, 255.213964, 230.620528, 242.297881, 248.645199, 222.973787, 235.043174, 227.978461, 241.607998, 245.174363, 241.284486, 198.893728, 241.089037, 234.296339, 251.100910, 246.095811, 242.917583, 252.462934, 235.557789, 255.917295, 228.589911, 240.249880, 246.381331, 236.016160, 228.597583, 240.431983, 233.958037, 213.251467, 228.383580
256.032665, 241.180938, 255.213964, 230.620528, 242.297881, 248.645199, 222.973787, 235.043174, 227.978461, 241.607998, 245.174363, 241.284486, 198.893728, 241.089037, 234.296339, 251.100910, 246.095811, 242.917583, 252.462934, 235.557789, 255.917295, 228.589911, 240.249880, 246.381331, 236.016160, 228.597583, 240.431983, 233.958037, 213.251467, 228.383580
256.032665, 241.180938, 255.213964, 230.620528, 242.297881, 248.645199, 222.973787, 235.043174, 227.978461, 241.607998, 245.174363, 241.284486, 198.893728, 241.089037, 234.296339, 251.100910, 246.095811, 242.917583, 252.462934, 235.557789, 255.917295, 228.589911, 240.249880, 246.381331, 236.016160, 228.597583, 240.431983, 233.958037, 213.251467, 228.383580
256.032665, 241.180938, 255.213964, 230.620528, 242.297881, 248.645199, 222.973787, 235.043174, 227.978461, 241.607998, 245.174363, 241.284486, 198.893728, 241.089037, 234.296339, 251.100910, 246.095811, 242.917583, 252.462934, 235.557789, 255.917295, 228.589911, 240.249880, 246.381331, 236.016160, 228.597583, 240.431983, 233.958037, 213.251467, 228.383580
256.032665, 241.180938, 255.213964, 230.620528, 242.297881, 248.645199, 222.973787, 235.043174, 227.978461, 241.607998, 245.174363, 241.284486, 198.893728, 241.089037, 234.296339, 251.100910, 246.095811, 242.917583, 252.462934, 235.557789, 255.917295, 228.589911, 240.249880, 246.381331, 236.016160, 228.597583, 240.431983, 233.958037, 213.251467, 228.383580
256.032665, 241.180938, 255.213964, 230.620528, 242.297881, 248.645199, 222.973787, 235.043174, 227.978461, 241.607998, 245.174363, 241.284486, 198.893728, 241.089037, 234.296339, 251.100910, 246.095811, 242.917583, 252.462934, 235.557789, 255.917295, 228.589911, 240.249880, 246.381331, 236.016160, 228.597583, 240.431983, 233.958037, 213.251467, 228.383580
256.032665, 241.180938, 255.213964, 230.620528, 242.297881, 248.645199, 222.973787, 235.043174, 227.978461, 203.346515, 245.174363, 241.284486, 198.893728, 234.495652, 234.296339, 251.100910, 246.095811, 242.917583, 252.462934, 235.557789, 255.917295, 228.589911, 240.249880, 246.381331, 236.016160, 228.597583, 240.431983, 233.958037, 213.251467, 228.383580
256.032665, 241.180938, 255.213964, 230.620528, 237.725318, 248.645199, 222.973787, 235.043174, 227.978461, 203.346515, 245.174363, 241.284486, 198.893728, 234.495652, 234.296339, 251.100910, 246.095811, 242.917583, 252.462934, 235.557789, 255.917295, 228.589911, 240.249880, 246.381331, 236.016160, 228.597583, 240.431983, 233.958037, 213.251467, 228.383580
256.032665, 241.180938, 255.213964, 230.620528, 237.725318, 248.645199, 222.973787, 235.043174, 227.978461, 203.346515, 245.174363, 241.284486, 198.893728, 234.495652, 234.296339, 251.100910, 246.095811, 242.917583, 252.462934, 235.557789, 255.917295, 228.589911, 240.249880, 246.381331, 236.016160, 228.597583, 240.431983, 233.958037, 213.251467, 228.383580
256.032665, 241.180938, 251.648345, 230.620528, 237.725318, 248.645199, 222.973787, 235.043174, 227.978461, 203.346515, 245.174363, 241.284486, 198.893728, 234.495652, 234.296339, 251.100910, 246.095811, 242.917583, 252.462934, 235.557789, 255.917295, 228.589911, 240.249880, 246.381331, 236.016160, 228.597583, 240.431983, 233.958037, 213.251467, 228.383580
256.032665, 241.180938, 251.648345, 230.620528, 237.725318, 248.645199, 222.973787, 235.043174, 227.978461, 203.346515, 245.174363, 241.284486, 198.893728, 234.495652, 234.296339, 251.100910, 246.095811, 242.917583, 252.462934, 235.557789, 255.917295, 228.589911, 240.249880, 246.381331, 236.016160, 228.597583, 240.431983, 233.958037, 213.251467, 228.383580
256.032665, 241.180938, 251.648345, 230.620528, 237.725318, 248.645199, 222.973787, 235.043174, 227.978461, 203.346515, 245.174363, 241.284486, 198.893728, 234.495652, 234.296339, 251.100910, 246.095811, 242.917583, 252.462934, 235.557789, 255.917295, 228.589911, 240.249880, 246.381331, 236.016160, 228.597583, 240.431983, 233.958037, 213.251467, 228.383580
256.032665, 241.180938, 251.648345, 230.620528, 237.725318, 248.645199, 222.973787, 235.043174, 227.978461, 203.346515, 245.174363, 241.284486, 198.893728, 234.495652, 234.296339, 251.100910, 241.353012, 242.917583, 252.462934, 235.557789, 255.917295, 222.713116, 235.660466, 246.381331, 236.016160, 228.597583, 240.431983, 233.958037, 213.251467, 228.383580
256.032665, 241.180938, 249.104855, 230.620528, 237.725318, 248.645199, 222.973787, 235.043174, 227.978461, 203.346515, 244.364683, 241.284486, 198.893728, 234.495652, 234.296339, 251.100910, 241.353012, 242.917583, 237.566656, 235.557789, 255.917295, 222.713116, 235.660466, 246.381331, 236.016160, 228.597583, 240.431983, 233.958037, 213.251467, 228.383580
256.032665, 241.180938, 249.104855, 230.620528, 237.725318, 248.645199, 222.973787, 235.043174, 227.978461, 203.346515, 244.364683, 241.284486, 198.893728, 234.495652, 234.296339, 251.100910, 241.353012, 242.917583, 237.566656, 235.557789, 255.917295, 222.713116, 235.660466, 246.381331, 236.016160, 228.597583, 240.431983, 233.958037, 213.251467, 228.383580
256.032665, 241.180938, 249.104855, 230.620528, 237.725318, 248.645199, 222.973787, 235.043174, 227.978461, 203.346515, 244.364683, 241.284486, 198.893728, 234.495652, 234.296339, 251.100910, 241.353012, 242.917583, 237.566656, 235.557789, 252.087083, 222.713116, 235.660466, 246.381331, 236.016160, 228.597583, 240.431983, 233.958037, 213.251467, 228.383580
256.032665, 237.398320, 249.104855, 230.620528, 237.725318, 248.645199, 222.973787, 235.043174, 227.978461, 203.346515, 244.364683, 241.284486, 198.893728, 234.495652, 204.939101, 251.100910, 241.353012, 242.917583, 237.566656, 235.557789, 252.087083, 222.713116, 235.660466, 246.381331, 236.016160, 228.597583, 240.431983, 233.958037, 213.251467, 228.383580
256.032665, 237.398320, 249.104855, 230.620528, 237.725318, 248.645199, 222.973787, 235.043174, 227.978461, 203.346515, 244.364683, 241.284486, 198.893728, 234.495652, 204.939101, 251.100910, 241.353012, 242.917583, 237.566656, 235.557789, 252.087083, 222.713116, 235.660466, 246.381331, 236.016160, 228.597583, 240.431983, 233.958037, 213.251467, 228.383580
256.032665, 237.398320, 249.104855, 230.620528, 237.725318, 248.645199, 222.973787, 235.043174, 227.978461, 203.346515, 244.364683, 241.284486, 198.893728, 234.495652, 204.939101, 251.100910, 241.353012, 242.917583, 237.566656, 235.557789, 252.087083, 222.713116, 235.660466, 246.381331, 236.016160, 228.597583, 240.431983, 233.958037, 213.251467, 228.383580
256.032665, 237.398320, 249.104855, 230.620528, 237.725318, 248.645199, 222.973787, 235.043174, 227.978461, 203.346515, 244.364683, 241.284486, 198.893728, 234.495652, 204.939101, 251.100910, 241.353012, 242.917583, 237.566656, 235.557789, 252.087083, 222.713116, 235.660466, 246.381331, 236.016160, 228.597583, 240.431983, 233.958037, 213.251467, 228.383580
256.032665, 237.398320, 249.104855, 230.620528, 237.725318, 248.645199, 222.973787, 235.043174, 227.978461, 203.346515, 241.820807, 241.284486, 198.893728, 234.495652, 204.939101, 251.100910, 241.353012, 242.917583, 237.566656, 235.557789, 252.087083, 222.713116, 235.660466, 246.381331, 236.016160, 228.597583, 240.431983, 233.958037, 213.251467, 228.383580
256.032665, 237.398320, 249.104855, 230.620528, 237.725318, 248.645199, 216.106395, 235.043174, 227.978461, 203.346515, 235.744126, 241.284486, 198.893728, 234.495652, 204.939101, 251.100910, 241.353012, 242.917583, 237.566656, 235.557789, 237.039438, 222.713116, 235.660466, 246.381331, 236.016160, 228.597583, 240.431983, 233.958037, 213.251467, 228.383580
256.032665, 237.398320, 249.104855, 230.620528, 237.725318, 248.645199, 216.106395, 235.043174, 227.978461, 203.346515, 235.744126, 241.284486, 198.893728, 234.495652, 204.939101, 251.100910, 241.353012, 242.917583, 237.566656, 235.557789, 237.039438, 222.713116, 235.660466, 246.381331, 236.016160, 228.597583, 240.431983, 233.958037, 213.251467, 228.383580
256.032665, 237.398320, 249.104855, 230.620528, 237.725318, 248.645199, 216.106395, 235.043174, 227.978461, 203.346515, 235.744126, 241.284486, 198.893728, 234.495652, 204.939101, 251.100910, 241.353012, 242.917583, 232.798255, 235.557789, 237.039438, 222.713116, 235.660466, 246.381331, 236.016160, 228.597583, 240.431983, 233.958037, 213.251467, 228.383580
256.032665, 237.398320, 249.104855, 230.620528, 237.725318, 248.645199, 216.106395, 235.043174, 227.978461, 203.346515, 235.744126, 241.284486, 198.893728, 234.495652, 204.939101, 251.100910, 241.353012, 242.917583, 232.798255, 223.394830, 237.039438, 222.713116, 235.660466, 246.381331, 236.016160, 228.597583, 240.431983, 233.958037, 213.251467, 228.383580
256.032665, 237.398320, 249.104855, 230.620528, 237.725318, 248.645199, 216.106395, 235.043174, 227.978461, 203.346515, 235.744126, 241.284486, 198.893728, 234.495652, 204.939101, 251.100910, 241.353012, 242.917583, 232.798255, 223.394830, 237.039438, 222.713116, 235.660466, 246.381331, 236.016160, 228.597583, 240.431983, 233.958037, 213.251467, 228.383580
256.032665, 237.398320, 249.104855, 230.620528, 237.725318, 248.645199, 216.106395, 235.043174, 227.978461, 203.346515, 235.744126, 241.284486, 198.893728, 234.495652, 204.939101, 251.100910, 241.353012, 242.917583, 232.798255, 223.394830, 237.039438, 222.713116, 235.660466, 246.381331, 236.016160, 228.597583, 240.431983, 233.958037, 213.251467, 228.383580
256.032665, 237.398320, 249.104855, 230.620528, 237.725318, 248.645199, 216.106395, 235.043174, 227.978461, 203.346515, 235.744126, 241.284486, 198.893728, 234.495652, 204.939101, 251.100910, 241.353012, 242.917583, 232.798255, 223.394830, 237.039438, 222.713116, 235.660466, 246.381331, 236.016160, 228.597583, 240.431983, 233.958037, 213.251467, 228.383580
256.032665, 237.398320, 249.104855, 230.620528, 237.725318, 248.645199, 216.106395, 235.043174, 227.978461, 203.346515, 235.744126, 241.284486, 198.893728, 234.495652, 204.939101, 251.100910, 241.353012, 242.917583, 232.798255, 223.394830, 237.039438, 222.713116, 235.660466, 246.381331, 236.016160, 228.597583, 240.431983, 221.066755, 213.251467, 228.383580
256.032665, 237.398320, 249.104855, 230.620528, 237.725318, 248.645199, 216.106395, 235.043174, 227.978461, 203.346515, 235.744126, 241.284486, 198.893728, 234.495652, 204.939101, 251.100910, 241.353012, 242.917583, 232.798255, 223.394830, 237.039438, 222.713116, 235.660466, 246.381331, 236.016160, 228.597583, 240.431983, 221.066755, 213.251467, 228.383580
256.032665, 237.398320, 249.104855, 230.620528, 237.725318, 248.645199, 216.106395, 235.043174, 227.978461, 203.346515, 235.744126, 241.284486, 198.893728, 234.495652, 204.939101, 251.100910, 241.353012, 212.102372, 232.798255, 223.394830, 237.039438, 222.713116, 235.660466, 246.381331, 236.016160, 228.597583, 240.431983, 221.066755, 213.251467, 228.383580
256.032665, 237.398320, 249.104855, 230.620528, 237.725318, 248.645199, 216.106395, 235.043174, 227.978461, 203.346515, 235.744126, 241.284486, 198.893728, 234.495652, 204.939101, 251.100910, 241.353012, 212.102372, 232.798255, 223.394830, 237.039438, 222.713116, 235.660466, 246.381331, 236.016160, 228.597583, 240.431983, 221.066755, 213.251467, 228.383580
256.032665, 237.398320, 249.104855, 230.620528, 237.725318, 248.645199, 216.106395, 235.043174, 227.978461, 203.346515, 235.744126, 241.284486, 198.893728, 234.495652, 204.939101, 251.100910, 241.353012, 212.102372, 232.798255, 223.394830, 237.039438, 222.713116, 235.660466, 246.381331, 236.016160, 228.597583, 240.431983, 221.066755, 213.251467, 228.383580
256.032665, 237.398320, 249.104855, 230.620528, 237.725318, 248.645199, 216.106395, 235.043174, 227.978461, 203.346515, 235.744126, 241.284486, 198.893728, 234.495652, 204.939101, 251.100910, 241.353012, 212.102372, 232.798255, 223.394830, 237.039438, 222.713116, 235.660466, 246.381331, 236.016160, 228.597583, 240.431983, 221.066755, 213.251467, 228.383580
256.032665, 237.398320, 249.104855, 230.620528, 237.725318, 248.645199, 216.106395, 235.043174, 227.978461, 203.346515, 235.744126, 241.284486, 198.893728, 234.495652, 204.939101, 251.100910, 241.353012, 212.102372, 232.798255, 223.394830, 237.039438, 222.713116, 235.660466, 246.381331, 236.016160, 228.597583, 240.431983, 221.066755, 213.251467, 228.383580
256.032665, 237.398320, 249.104855, 230.620528, 237.725318, 248.645199, 216.106395, 235.043174, 227.978461, 203.346515, 235.744126, 241.284486, 198.893728, 234.495652, 204.939101, 251.100910, 241.353012, 212.102372, 232.798255, 223.394830, 237.039438, 222.713116, 235.660466, 246.381331, 236.016160, 228.597583, 240.431983, 221.066755, 213.251467, 228.383580
256.032665, 237.398320, 249.104855, 230.620528, 237.725318, 248.645199, 216.106395, 235.043174, 227.978461, 203.346515, 235.744126, 241.284486, 198.893728, 234.495652, 204.939101, 251.100910, 241.353012, 212.102372, 232.798255, 223.394830, 237.039438, 222.713116, 235.660466, 246.381331, 236.016160, 228.597583, 240.431983, 221.066755, 213.251467, 228.383580
256.032665, 237.398320, 249.104855, 230.620528, 237.725318, 248.645199, 216.106395, 235.043174, 227.978461, 203.346515, 235.744126, 241.284486, 198.893728, 234.495652, 204.939101, 251.100910, 241.353012, 212.102372, 232.798255, 223.394830, 237.039438, 222.713116, 235.660466, 246.381331, 236.016160, 228.597583, 240.431983, 221.066755, 213.251467, 228.383580
256.032665, 237.398320, 249.104855, 230.620528, 237.725318, 248.645199, 216.106395, 235.043174, 227.978461, 203.346515, 235.744126, 241.284486, 198.893728, 234.495652, 204.939101, 251.100910, 241.353012, 212.102372, 232.798255, 223.394830, 237.039438, 222.713116, 235.660466, 246.381331, 236.016160, 228.597583, 240.431983, 221.066755, 213.251467, 228.383580
256.032665, 237.398320, 249.104855, 230.620528, 237.725318, 248.645199, 216.106395, 235.043174, 227.978461, 203.346515, 235.744126, 241.284486, 198.893728, 234.495652, 204.939101, 251.100910, 241.353012, 212.102372, 232.798255, 223.394830, 237.039438, 222.713116, 235.660466, 246.381331, 236.016160, 228.597583, 240.431983, 221.066755, 213.251467, 228.383580
237.122575, 237.398320, 249.104855, 230.620528, 237.725318, 248.645199, 216.106395, 235.043174, 227.978461, 203.346515, 235.744126, 241.284486, 198.893728, 234.495652, 204.939101, 251.100910, 241.353012, 212.102372, 232.798255, 223.394830, 237.039438, 222.713116, 235.660466, 246.381331, 236.016160, 228.597583, 240.431983, 221.066755, 213.251467, 228.383580
237.122575, 237.398320, 249.104855, 230.620528, 237.725318, 248.645199, 216.106395, 233.284014, 227.978461, 203.346515, 235.744126, 241.284486, 198.893728, 234.495652, 204.939101, 251.100910, 241.353012, 212.102372, 232.798255, 223.394830, 237.039438, 222.713116, 235.660466, 245.286428, 236.016160, 228.597583, 240.431983, 221.066755, 213.251467, 228.383580
237.122575, 237.398320, 249.104855, 230.620528, 237.725318, 248.645199, 216.106395, 233.284014, 227.978461, 203.346515, 235.744126, 241.284486, 198.893728, 234.495652, 204.939101, 251.100910, 241.353012, 212.102372, 232.798255, 223.394830, 237.039438, 222.713116, 235.660466, 245.286428, 236.016160, 228.597583, 240.431983, 221.066755, 213.251467, 228.383580
237.122575, 237.398320, 249.104855, 230.620528, 237.725318, 248.645199, 216.106395, 233.284014, 227.978461, 203.346515, 235.744126, 241.284486, 198.893728, 234.495652, 204.939101, 251.100910, 241.353012, 212.102372, 232.798255, 223.394830, 237.039438, 222.713116, 235.660466, 245.286428, 236.016160, 228.597583, 240.431983, 221.066755, 213.251467, 228.383580
237.122575, 237.398320, 249.104855, 230.620528, 237.725318, 248.645199, 216.106395, 233.284014, 227.978461, 203.346515, 235.744126, 241.284486, 198.893728, 234.495652, 204.939101, 251.100910, 241.353012, 212.102372, 232.798255, 223.394830, 237.039438, 222.713116, 235.660466, 245.286428, 236.016160, 228.597583, 240.431983, 221.066755, 213.251467, 228.383580
237.122575, 237.398320, 249.104855, 230.620528, 237.725318, 248.645199, 216.106395, 233.284014, 227.978461, 203.346515, 235.744126, 241.284486, 198.893728, 234.495652, 204.939101, 251.100910, 241.353012, 212.102372, 232.798255, 223.394830, 237.039438, 222.713116, 235.660466, 245.286428, 236.016160, 228.597583, 240.431983, 221.066755, 213.251467, 228.383580
237.122575, 237.398320, 249.104855, 230.620528, 237.725318, 248.645199, 216.106395, 233.284014, 227.978461, 203.346515, 235.744126, 241.284486, 198.893728, 234.495652, 204.939101, 251.100910, 241.353012, 212.102372, 232.798255, 223.394830, 237.039438, 222.713116, 235.660466, 245.286428, 236.016160, 228.597583, 240.431983, 221.066755, 213.251467, 228.383580
237.122575, 237.398320, 249.104855, 230.620528, 237.725318, 248.645199, 216.106395, 233.284014, 227.978461, 203.346515, 235.744126, 241.284486, 198.893728, 234.495652, 204.939101, 251.100910, 241.353012, 212.102372, 232.798255, 223.394830, 237.039438, 222.713116, 235.660466, 245.286428, 236.016160, 228.597583, 240.431983, 221.066755, 213.251467, 228.383580
237.122575, 237.398320, 249.104855, 230.620528, 237.725318, 233.709478, 216.106395, 233.284014, 227.978461, 203.346515, 235.744126, 241.284486, 198.893728, 234.495652, 204.939101, 251.100910, 241.353012, 212.102372, 232.798255, 223.394830, 237.039438, 222.713116, 235.660466, 245.286428, 236.016160, 228.597583, 240.431983, 221.066755, 213.251467, 228.383580
237.122575, 237.398320, 249.104855, 230.620528, 237.725318, 233.709478, 216.106395, 233.284014, 227.978461, 203.346515, 235.744126, 241.284486, 198.893728, 234.495652, 204.939101, 251.100910, 241.353012, 212.102372, 232.798255, 223.394830, 237.039438, 222.713116, 235.660466, 245.286428, 236.016160, 228.597583, 240.431983, 221.066755, 213.251467, 228.383580
237.122575, 237.398320, 249.104855, 230.620528, 237.725318, 233.709478, 216.106395, 233.284014, 227.978461, 203.346515, 235.744126, 241.284486, 198.893728, 234.495652, 204.939101, 251.100910, 241.353012, 212.102372, 232.798255, 223.394830, 237.039438, 222.713116, 235.660466, 245.286428, 236.016160, 228.597583, 240.431983, 221.066755, 213.251467, 228.383580
237.122575, 237.398320, 249.104855, 230.620528, 237.725318, 233.709478, 216.106395, 233.284014, 227.978461, 203.346515, 235.744126, 241.284486, 198.893728, 234.495652, 204.939101, 251.100910, 241.353012, 212.102372, 232.798255, 223.394830, 237.039438, 222.713116, 235.660466, 245.286428, 236.016160, 228.597583, 240.431983, 221.066755, 213.251467, 228.383580
237.122575, 237.398320, 249.104855, 230.620528, 237.725318, 233.709478, 216.106395, 233.284014, 227.978461, 203.346515, 235.744126, 241.284486, 198.893728, 234.495652, 204.939101, 251.100910, 234.807559, 212.102372, 232.798255, 223.394830, 237.039438, 222.713116, 235.660466, 245.286428, 236.016160, 228.597583, 240.431983, 221.066755, 213.251467, 228.383580
237.122575, 237.398320, 249.104855, 230.620528, 237.725318, 233.709478, 216.106395, 233.284014, 227.978461, 203.346515, 235.744126, 241.284486, 198.893728, 234.495652, 204.939101, 251.100910, 234.807559, 212.102372, 232.798255, 223.394830, 237.039438, 222.713116, 235.660466, 245.286428, 236.016160, 228.597583, 240.431983, 221.066755, 213.251467, 228.383580
237.122575, 237.398320, 249.104855, 230.620528, 237.725318, 233.709478, 216.106395, 233.284014, 227.978461, 203.346515, 235.744126, 241.284486, 198.893728, 234.495652, 204.939101, 251.100910, 234.807559, 212.102372, 232.798255, 223.394830, 237.039438, 222.713116, 235.660466, 245.286428, 236.016160, 228.597583, 240.431983, 221.066755, 213.251467, 228.383580
237.122575, 237.398320, 249.104855, 230.620528, 237.725318, 233.709478, 216.106395, 233.284014, 227.978461, 203.346515, 235.744126, 241.284486, 198.893728, 234.495652, 204.939101, 251.100910, 234.807559, 212.102372, 232.798255, 223.394830, 237.039438, 222.713116, 235.660466, 245.286428, 236.016160, 228.597583, 240.431983, 221.066755, 213.251467, 228.383580
237.122575, 231.413723, 249.104855, 230.620528, 237.725318, 233.709478, 216.106395, 233.284014, 227.978461, 203.346515, 235.744126, 241.284486, 198.893728, 234.495652, 204.939101, 251.100910, 234.807559, 212.102372, 232.798255, 223.394830, 237.039438, 222.713116, 235.660466, 245.286428, 236.016160, 228.597583, 240.431983, 221.066755, 213.251467, 228.383580
237.122575, 231.413723, 249.104855, 230.620528, 237.725318, 233.709478, 216.106395, 233.284014, 227.978461, 203.346515, 235.744126, 241.284486, 198.893728, 234.495652, 204.939101, 251.100910, 234.807559, 212.102372, 232.798255, 223.394830, 237.039438, 222.713116, 235.660466, 245.286428, 236.016160, 228.597583, 240.431983, 221.066755, 213.251467, 228.383580
237.122575, 231.413723, 249.104855, 230.620528, 237.725318, 233.709478, 216.106395, 233.284014, 227.978461, 203.346515, 235.744126, 241.284486, 198.893728, 234.495652, 204.939101, 251.100910, 234.807559, 212.102372, 232.798255, 223.394830, 237.039438, 222.713116, 235.660466, 245.286428, 236.016160, 228.597583, 240.431983, 221.066755, 213.251467, 228.383580
237.122575, 231.413723, 225.835759, 230.620528, 237.725318, 233.709478, 216.106395, 233.284014, 227.978461, 203.346515, 235.744126, 241.284486, 198.893728, 234.495652, 204.939101, 251.100910, 234.807559, 212.102372, 232.798255, 223.394830, 237.039438, 222.713116, 235.660466, 185.823018, 236.016160, 228.597583, 240.431983, 221.066755, 213.251467, 228.383580
237.122575, 231.413723, 225.835759, 230.620528, 237.725318, 233.709478, 216.106395, 233.284014, 227.978461, 203.346515, 235.744126, 241.284486, 198.893728, 234.495652, 204.939101, 251.100910, 234.807559, 212.102372, 232.798255, 223.394830, 237.039438, 222.713116, 235.660466, 185.823018, 236.016160, 228.597583, 240.431983, 221.066755, 213.251467, 228.383580
237.122575, 231.413723, 225.835759, 230.620528, 237.725318, 233.709478, 216.106395, 233.284014, 227.978461, 203.346515, 235.744126, 241.284486, 198.893728, 234.495652, 204.939101, 251.100910, 234.807559, 212.102372, 232.798255, 223.394830, 237.039438, 222.713116, 235.660466, 185.823018, 236.016160, 228.597583, 240.431983, 221.066755, 213.251467, 228.383580
237.122575, 231.413723, 225.835759, 230.620528, 237.725318, 233.709478, 216.106395, 233.284014, 227.978461, 203.346515, 235.744126, 241.284486, 198.893728, 234.495652, 204.939101, 251.100910, 234.807559, 212.102372, 232.798255, 223.394830, 209.877438, 222.713116, 235.660466, 185.823018, 236.016160, 228.597583, 240.431983, 221.066755, 213.251467, 228.383580
237.122575, 231.413723, 225.835759, 230.620528, 237.725318, 233.709478, 216.106395, 233.284014, 227.978461, 203.346515, 235.744126, 241.284486, 198.893728, 234.495652, 204.939101, 251.100910, 234.807559, 212.102372, 232.798255, 223.394830, 209.877438, 222.713116, 235.660466, 185.823018, 236.016160, 228.597583, 240.431983, 221.066755, 213.251467, 228.383580
237.122575, 231.413723, 225.835759, 230.620528, 237.725318, 233.709478, 216.106395, 233.284014, 227.978461, 203.346515, 235.744126, 241.284486, 198.893728, 234.495652, 204.939101, 251.100910, 234.807559, 212.102372, 232.798255, 223.394830, 209.877438, 222.713116, 235.660466, 185.823018, 236.016160, 228.597583, 240.431983, 221.066755, 213.251467, 228.383580
237.122575, 231.413723, 225.835759, 230.620528, 237.725318, 233.709478, 216.106395, 233.284014, 227.978461, 203.346515, 235.744126, 241.284486, 198.893728, 234.495652, 204.939101, 251.100910, 234.807559, 212.102372, 232.798255, 223.394830, 209.877438, 222.713116, 235.660466, 185.823018, 236.016160, 228.597583, 240.431983, 221.066755, 213.251467, 228.383580
237.122575, 231.413723, 225.835759, 230.620528, 237.725318, 233.709478, 216.106395, 233.284014, 227.978461, 203.346515, 235.744126, 241.284486, 198.893728, 234.495652, 204.939101, 251.100910, 234.807559, 212.102372, 232.798255, 223.394830, 209.877438, 222.713116, 235.660466, 185.823018, 236.016160, 228.597583, 240.431983, 221.066755, 213.251467, 228.383580
237.122575, 231.413723, 225.835759, 230.620528, 237.725318, 233.709478, 216.106395, 233.284014, 227.978461, 203.346515, 235.744126, 241.284486, 198.893728, 234.495652, 204.939101, 251.100910, 234.807559, 212.102372, 232.798255, 223.394830, 209.877438, 222.713116, 235.660466, 185.823018, 236.016160, 228.597583, 240.431983, 221.066755, 213.251467, 228.383580
237.122575, 231.413723, 225.835759, 230.620528, 237.725318, 233.709478, 216.106395, 233.284014, 227.978461, 203.346515, 235.744126, 241.284486, 198.893728, 234.495652, 204.939101, 251.100910, 234.807559, 212.102372, 232.798255, 223.394830, 209.877438, 222.713116, 235.660466, 185.823018, 236.016160, 228.597583, 240.431983, 221.066755, 213.251467, 228.383580
237.122575, 231.413723, 225.835759, 230.620528, 237.725318, 233.709478, 216.106395, 233.284014, 227.978461, 203.346515, 235.744126, 241.284486, 198.893728, 234.495652, 204.939101, 251.100910, 234.807559, 212.102372, 232.798255, 223.394830, 209.877438, 222.713116, 235.660466, 185.823018, 236.016160, 228.597583, 240.431983, 221.066755, 213.251467, 228.383580
237.122575, 231.413723, 225.835759, 230.620528, 237.725318, 233.709478, 216.106395, 233.284014, 227.978461, 203.346515, 235.744126, 241.284486, 198.893728, 234.495652, 204.939101, 251.100910, 234.807559, 212.102372, 232.798255, 223.394830, 209.877438, 222.713116, 235.660466, 185.823018, 236.016160, 228.597583, 240.431983, 221.066755, 213.251467, 228.383580
237.122575, 231.413723, 225.835759, 230.620528, 237.725318, 233.709478, 216.106395, 233.284014, 227.978461, 203.346515, 235.744126, 241.284486, 198.893728, 234.495652, 204.939101, 251.100910, 234.807559, 212.102372, 232.798255, 223.394830, 209.877438, 222.713116, 235.660466, 185.823018, 236.016160, 228.597583, 240.431983, 221.066755, 213.251467, 228.383580
237.122575, 231.413723, 225.835759, 230.620528, 237.725318, 233.709478, 216.106395, 233.284014, 227.978461, 203.346515, 235.744126, 241.284486, 198.893728, 234.495652, 204.939101, 251.100910, 234.807559, 212.102372, 232.798255, 223.394830, 209.877438, 222.713116, 235.660466, 185.823018, 236.016160, 228.597583, 240.431983, 221.066755, 213.251467, 228.383580
237.122575, 231.413723, 225.835759, 230.620528, 237.725318, 233.709478, 216.106395, 233.284014, 227.978461, 203.346515, 235.744126, 241.284486, 198.893728, 234.495652, 204.939101, 251.100910, 234.807559, 212.102372, 232.798255, 223.394830, 209.877438, 222.713116, 235.660466, 185.823018, 236.016160, 228.597583, 240.431983, 221.066755, 213.251467, 228.383580
237.122575, 231.413723, 225.835759, 230.620528, 237.725318, 233.709478, 216.106395, 233.284014, 227.978461, 203.346515, 235.744126, 241.284486, 198.893728, 234.495652, 204.939101, 251.100910, 234.807559, 212.102372, 232.798255, 223.394830, 209.877438, 222.713116, 235.660466, 185.823018, 236.016160, 228.597583, 240.431983, 221.066755, 213.251467, 228.383580
237.122575, 231.413723, 225.835759, 230.620528, 237.725318, 233.709478, 216.106395, 233.284014, 227.978461, 203.346515, 235.744126, 241.284486, 198.893728, 234.495652, 204.939101, 251.100910, 234.807559, 212.102372, 232.798255, 223.394830, 209.877438, 222.713116, 235.660466, 185.823018, 208.053668, 228.597583, 240.431983, 221.066755, 213.251467, 228.383580
237.122575, 231.413723, 225.835759, 230.620528, 237.725318, 233.709478, 216.106395, 233.284014, 227.978461, 203.346515, 235.744126, 241.284486, 198.893728, 234.495652, 204.939101, 251.100910, 234.807559, 212.102372, 232.798255, 223.394830, 209.877438, 222.713116, 235.660466, 185.823018, 208.053668, 228.597583, 240.431983, 221.066755, 213.251467, 228.383580
237.122575, 231.413723, 225.835759, 230.620528, 237.725318, 233.709478, 216.106395, 233.284014, 227.978461, 203.346515, 235.744126, 241.284486, 198.893728, 234.495652, 204.939101, 251.100910, 234.807559, 212.102372, 232.798255, 223.394830, 209.877438, 222.713116, 235.660466, 185.823018, 208.053668, 228.597583, 240.431983, 221.066755, 213.251467, 228.383580
237.122575, 231.413723, 225.835759, 230.620528, 237.725318, 233.709478, 216.106395, 233.284014, 227.978461, 203.346515, 235.744126, 241.284486, 198.893728, 234.495652, 204.939101, 251.100910, 234.807559, 212.102372, 232.798255, 223.394830, 209.877438, 222.713116, 235.660466, 185.823018, 208.053668, 228.597583, 240.431983, 221.066755, 213.251467, 228.383580
237.122575, 231.413723, 225.835759, 230.620528, 237.725318, 233.709478, 216.106395, 233.284014, 227.978461, 203.346515, 235.744126, 241.284486, 198.893728, 234.495652, 204.939101, 251.100910, 234.807559, 212.102372, 232.798255, 223.394830, 209.877438, 222.713116, 235.660466, 185.823018, 208.053668, 228.597583, 240.431983, 221.066755, 213.251467, 228.383580
237.122575, 231.413723, 225.835759, 230.620528, 237.725318, 233.709478, 216.106395, 233.284014, 227.978461, 203.346515, 235.744126, 241.284486, 198.893728, 234.495652, 204.939101, 251.100910, 234.807559, 212.102372, 232.798255, 223.394830, 209.877438, 222.713116, 235.660466, 185.823018, 208.053668, 228.597583, 240.431983, 221.066755, 213.251467, 228.383580
237.122575, 231.413723, 225.835759, 230.620528, 237.725318, 233.709478, 216.106395, 233.284014, 227.978461, 203.346515, 235.744126, 241.284486, 198.893728, 234.495652, 204.939101, 248.051877, 234.807559, 212.102372, 232.798255, 223.394830, 209.877438, 222.713116, 235.660466, 185.823018, 208.053668, 228.597583, 230.594420, 221.066755, 213.251467, 228.383580
237.122575, 231.413723, 225.835759, 230.620528, 237.725318, 233.709478, 216.106395, 233.284014, 227.978461, 203.346515, 235.744126, 241.284486, 198.893728, 234.495652, 204.939101, 248.051877, 234.807559, 212.102372, 232.798255, 223.394830, 209.877438, 222.713116, 235.660466, 185.823018, 208.053668, 228.597583, 230.594420, 221.066755, 213.251467, 228.383580
237.122575, 231.413723, 225.835759, 230.620528, 237.725318, 233.709478, 216.106395, 233.284014, 227.978461, 203.346515, 235.744126, 241.284486, 198.893728, 234.495652, 204.939101, 248.051877, 234.807559, 212.102372, 232.798255, 223.394830, 209.877438, 222.713116, 235.660466, 185.823018, 208.053668, 228.597583, 230.594420, 221.066755, 213.251467, 228.383580
237.122575, 231.413723, 225.835759, 230.620528, 237.725318, 233.709478, 216.106395, 233.284014, 227.978461, 203.346515, 235.744126, 241.284486, 198.893728, 234.495652, 204.939101, 248.051877, 234.807559, 212.102372, 232.798255, 223.394830, 209.877438, 222.713116, 235.660466, 185.823018, 208.053668, 228.597583, 230.594420, 221.066755, 213.251467, 228.383580
237.122575, 231.413723, 225.835759, 230.620528, 237.725318, 233.709478, 216.106395, 233.284014, 227.978461, 203.346515, 235.744126, 241.284486, 198.893728, 234.495652, 204.939101, 248.051877, 234.807559, 212.102372, 232.798255, 223.394830, 209.877438, 222.713116, 235.660466, 185.823018, 208.053668, 228.597583, 230.594420, 221.066755, 213.251467, 228.383580
237.122575, 231.413723, 225.835759, 230.620528, 237.725318, 233.709478, 216.106395, 233.284014, 227.978461, 203.346515, 235.744126, 241.284486, 198.893728, 234.495652, 204.939101, 248.051877, 234.807559, 212.102372, 232.798255, 223.394830, 209.877438, 222.713116, 235.660466, 185.823018, 208.053668, 228.597583, 230.594420, 221.066755, 213.251467, 228.383580
237.122575, 231.413723, 225.835759, 230.620528, 237.725318, 233.709478, 216.106395, 233.284014, 227.978461, 203.346515, 235.744126, 241.284486, 198.893728, 234.495652, 204.939101, 248.051877, 234.807559, 212.102372, 232.798255, 223.394830, 209.877438, 222.713116, 235.660466, 185.823018, 208.053668, 228.597583, 230.594420, 221.066755, 213.251467, 228.383580
237.122575, 219.606766, 225.835759, 230.620528, 237.725318, 233.709478, 216.106395, 233.284014, 227.978461, 203.346515, 235.744126, 241.284486, 198.893728, 234.495652, 204.939101, 248.051877, 234.807559, 212.102372, 232.798255, 223.394830, 209.877438, 222.713116, 235.660466, 185.823018, 208.053668, 228.597583, 230.594420, 221.066755, 213.251467, 228.383580
237.122575, 219.606766, 225.835759, 230.620528, 237.725318, 233.709478, 216.106395, 233.284014, 227.978461, 203.346515, 235.744126, 241.284486, 198.893728, 234.495652, 204.939101, 248.051877, 234.807559, 212.102372, 232.798255, 223.394830, 209.877438, 222.713116, 235.660466, 185.823018, 208.053668, 228.597583, 230.594420, 221.066755, 213.251467, 228.383580
237.122575, 219.606766, 225.835759, 230.620528, 237.725318, 233.709478, 216.106395, 233.284014, 227.978461, 203.346515, 235.744126, 241.284486, 198.893728, 234.495652, 204.939101, 248.051877, 234.807559, 212.102372, 232.798255, 223.394830, 209.877438, 222.713116, 235.660466, 185.823018, 208.053668, 228.597583, 230.594420, 221.066755, 213.251467, 228.383580
237.122575, 219.606766, 225.835759, 230.620528, 237.725318, 233.709478, 216.106395, 233.284014, 227.978461, 203.346515, 235.744126, 241.284486, 198.893728, 234.495652, 204.939101, 248.051877, 234.807559, 212.102372, 232.798255, 223.394830, 209.877438, 222.713116, 235.660466, 185.823018, 208.053668, 228.597583, 230.594420, 221.066755, 213.251467, 228.383580
237.122575, 219.606766, 225.835759, 230.620528, 237.725318, 233.709478, 216.106395, 233.284014, 227.978461, 203.346515, 235.744126, 241.284486, 198.893728, 234.495652, 204.939101, 248.051877, 234.807559, 212.102372, 231.491791, 223.394830, 209.877438, 222.713116, 235.660466, 185.823018, 208.053668, 228.597583, 230.594420, 221.066755, 213.251467, 228.383580
237.122575, 219.606766, 225.835759, 230.620528, 237.725318, 233.709478, 216.106395, 233.284014, 227.978461, 203.346515, 235.744126, 241.284486, 198.893728, 234.495652, 204.939101, 248.051877, 234.807559, 212.102372, 231.491791, 223.394830, 209.877438, 222.713116, 235.660466, 185.823018, 208.053668, 228.597583, 230.594420, 221.066755, 213.251467, 228.383580
237.122575, 219.606766, 225.835759, 230.620528, 237.725318, 233.709478, 216.106395, 233.284014, 227.978461, 203.346515, 235.744126, 241.284486, 198.893728, 234.495652, 204.939101, 248.051877, 234.807559, 212.102372, 231.491791, 223.394830, 209.877438, 222.713116, 235.660466, 185.823018, 208.053668, 228.597583, 230.594420, 221.066755, 213.251467, 228.383580
237.122575, 219.606766, 225.835759, 230.620528, 237.725318, 233.709478, 216.106395, 233.284014, 227.978461, 203.346515, 235.744126, 241.284486, 198.893728, 227.152895, 204.939101, 248.051877, 234.807559, 212.102372, 231.491791, 223.394830, 209.877438, 222.713116, 235.660466, 185.823018, 208.053668, 228.597583, 230.594420, 221.066755, 213.251467, 228.383580
237.122575, 219.606766, 225.835759, 230.620528, 237.725318, 233.709478, 216.106395, 233.284014, 227.978461, 203.346515, 235.744126, 241.284486, 198.893728, 227.152895, 204.939101, 248.051877, 234.807559, 212.102372, 231.491791, 223.394830, 209.877438, 222.713116, 235.660466, 185.823018, 208.053668, 228.597583, 230.594420, 221.066755, 213.251467, 228.383580
237.122575, 219.606766, 225.835759, 230.620528, 237.725318, 233.709478, 209.766918, 233.284014, 227.978461, 203.346515, 235.744126, 241.284486, 198.893728, 227.152895, 204.939101, 248.051877, 234.807559, 212.102372, 231.491791, 223.394830, 209.877438, 217.722431, 235.660466, 185.823018, 208.053668, 228.597583, 230.594420, 221.066755, 213.251467, 228.383580
237.122575, 219.606766, 225.835759, 230.620528, 237.725318, 233.709478, 209.766918, 213.199644, 227.978461, 203.346515, 235.744126, 241.284486, 198.893728, 227.152895, 204.939101, 248.051877, 234.807559, 212.102372, 231.491791, 223.394830, 209.877438, 217.722431, 235.660466, 185.823018, 208.053668, 228.597583, 230.594420, 221.066755, 213.251467, 228.383580
237.122575, 219.606766, 225.835759, 230.620528, 237.725318, 233.709478, 209.766918, 213.199644, 227.978461, 203.346515, 235.744126, 241.284486, 198.893728, 227.152895, 204.939101, 248.051877, 234.807559, 212.102372, 231.491791, 223.394830, 209.877438, 217.722431, 235.660466, 185.823018, 208.053668, 228.597583, 230.594420, 221.066755, 213.251467, 228.383580
237.122575, 219.606766, 225.835759, 230.620528, 237.725318, 233.709478, 209.766918, 213.199644, 227.978461, 203.346515, 235.744126, 241.284486, 198.893728, 227.152895, 204.939101, 248.051877, 234.807559, 212.102372, 231.491791, 223.394830, 209.877438, 217.722431, 235.660466, 185.823018, 208.053668, 228.597583, 230.594420, 221.066755, 213.251467, 228.383580
237.122575, 219.606766, 225.835759, 230.620528, 237.725318, 233.709478, 209.766918, 213.199644, 227.978461, 203.346515, 235.744126, 241.284486, 198.893728, 227.152895, 204.939101, 248.051877, 234.807559, 212.102372, 231.491791, 223.394830, 209.877438, 217.722431, 235.660466, 185.823018, 208.053668, 228.597583, 230.594420, 221.066755, 213.251467, 228.383580
237.122575, 219.606766, 225.835759, 230.620528, 237.725318, 233.709478, 209.766918, 213.199644, 227.978461, 203.346515, 235.744126, 241.284486, 198.893728, 227.152895, 204.939101, 248.051877, 234.807559, 212.102372, 231.491791, 223.394830, 209.877438, 217.722431, 235.660466, 185.823018, 208.053668, 228.597583, 230.594420, 221.066755, 213.251467, 228.383580
237.122575, 219.606766, 225.835759, 230.620528, 237.725318, 233.709478, 209.766918, 213.199644, 227.978461, 203.346515, 235.744126, 241.284486, 198.893728, 227.152895, 204.939101, 248.051877, 234.807559, 212.102372, 231.491791, 223.394830, 209.877438, 217.722431, 235.660466, 185.823018, 208.053668, 228.597583, 230.594420, 221.066755, 213.251467, 228.383580
237.122575, 219.606766, 225.835759, 230.620528, 237.725318, 233.709478, 209.766918, 213.199644, 227.978461, 203.346515, 235.744126, 241.284486, 198.893728, 227.152895, 204.939101, 248.051877, 234.807559, 212.102372, 231.491791, 223.394830, 209.877438, 217.722431, 235.660466, 185.823018, 208.053668, 228.597583, 230.594420, 221.066755, 213.251467, 228.383580
237.122575, 219.606766, 225.835759, 230.620528, 237.725318, 233.709478, 209.766918, 213.199644, 227.978461, 203.346515, 235.744126, 241.284486, 198.893728, 227.152895, 204.939101, 248.051877, 234.807559, 212.102372, 231.491791, 223.394830, 209.877438, 217.722431, 235.660466, 185.823018, 208.053668, 228.597583, 230.594420, 221.066755, 213.251467, 228.383580
237.122575, 219.606766, 225.835759, 230.620528, 237.725318, 233.709478, 209.766918, 213.199644, 227.978461, 203.346515, 235.744126, 241.284486, 198.893728, 227.152895, 204.939101, 248.051877, 234.807559, 212.102372, 231.491791, 223.394830, 209.877438, 217.722431, 235.660466, 185.823018, 208.053668, 228.597583, 230.594420, 221.066755, 213.251467, 228.383580
237.122575, 219.606766, 225.835759, 230.620528, 237.725318, 233.709478, 209.766918, 213.199644, 225.847523, 203.346515, 235.744126, 241.284486, 198.893728, 227.152895, 204.939101, 248.051877, 234.807559, 212.102372, 231.491791, 223.394830, 209.877438, 217.722431, 235.660466, 185.823018, 208.053668, 228.597583, 230.594420, 221.066755, 213.251467, 228.383580
237.122575, 219.606766, 225.835759, 230.620528, 237.725318, 233.709478, 209.766918, 213.199644, 225.847523, 203.346515, 235.744126, 241.284486, 198.893728, 227.152895, 204.939101, 248.051877, 234.807559, 212.102372, 231.491791, 223.394830, 209.877438, 217.722431, 235.660466, 185.823018, 208.053668, 228.597583, 230.594420, 221.066755, 213.251467, 228.383580
237.122575, 219.606766, 225.835759, 230.620528, 237.725318, 233.709478, 209.766918, 213.199644, 225.847523, 203.346515, 235.744126, 241.284486, 198.893728, 227.152895, 204.939101, 248.051877, 234.807559, 212.102372, 231.491791, 223.394830, 209.877438, 217.722431, 235.660466, 185.823018, 208.053668, 228.597583, 230.594420, 221.066755, 213.251467, 228.383580
237.122575, 219.606766, 225.835759, 230.620528, 237.725318, 233.709478, 209.766918, 213.199644, 225.847523, 203.346515, 235.744126, 241.284486, 198.893728, 227.152895, 204.939101, 248.051877, 234.807559, 212.102372, 231.491791, 223.394830, 209.877438, 217.722431, 235.660466, 185.823018, 208.053668, 228.597583, 230.594420, 221.066755, 213.251467, 228.383580
237.122575, 219.606766, 225.835759, 230.620528, 237.725318, 233.709478, 209.766918, 213.199644, 225.847523, 203.346515, 235.744126, 241.284486, 198.893728, 227.152895, 204.939101, 248.051877, 234.807559, 212.102372, 231.491791, 223.394830, 209.877438, 217.722431, 235.660466, 185.823018, 208.053668, 228.597583, 230.594420, 221.066755, 213.251467, 228.383580
223.773008, 219.606766, 225.835759, 230.620528, 237.725318, 233.709478, 209.766918, 213.199644, 225.847523, 203.346515, 235.744126, 241.284486, 198.893728, 227.152895, 204.939101, 248.051877, 234.807559, 212.102372, 231.491791, 223.394830, 209.877438, 217.722431, 235.660466, 185.823018, 208.053668, 228.597583, 230.594420, 221.066755, 213.251467, 228.383580
223.773008, 219.606766, 225.835759, 230.620528, 237.725318, 233.709478, 209.766918, 213.199644, 225.847523, 203.346515, 235.744126, 241.284486, 198.893728, 227.152895, 204.939101, 248.051877, 234.807559, 212.102372, 231.491791, 223.394830, 209.877438, 217.722431, 235.660466, 185.823018, 208.053668, 228.597583, 230.594420, 221.066755, 213.251467, 228.383580
223.773008, 219.606766, 225.835759, 230.620528, 237.725318, 233.709478, 209.766918, 213.199644, 225.847523, 203.346515, 235.744126, 241.284486, 198.893728, 227.152895, 204.939101, 248.051877, 234.807559, 212.102372, 231.491791, 223.394830, 209.877438, 217.722431, 235.660466, 185.823018, 208.053668, 228.597583, 230.594420, 221.066755, 213.251467, 228.383580
223.773008, 219.606766, 225.835759, 230.620528, 237.725318, 233.709478, 209.766918, 213.199644, 225.847523, 203.346515, 235.744126, 241.284486, 198.893728, 227.152895, 204.939101, 248.051877, 234.807559, 212.102372, 231.491791, 223.394830, 209.877438, 217.722431, 235.660466, 185.823018, 208.053668, 228.597583, 230.594420, 221.066755, 213.251467, 228.383580
223.773008, 219.606766, 225.835759, 230.620528, 237.725318, 233.709478, 209.766918, 213.199644, 225.847523, 203.346515, 235.744126, 241.284486, 198.893728, 227.152895, 204.939101, 248.051877, 234.807559, 212.102372, 231.491791, 223.394830, 209.877438, 217.722431, 235.660466, 185.823018, 208.053668, 228.597583, 230.594420, 221.066755, 213.251467, 228.383580
223.773008, 219.606766, 225.835759, 230.620528, 237.725318, 233.709478, 209.766918, 213.199644, 225.847523, 203.346515, 235.744126, 241.284486, 198.893728, 227.152895, 204.939101, 248.051877, 234.807559, 212.102372, 231.491791, 223.394830, 209.877438, 217.722431, 235.660466, 185.823018, 208.053668, 228.597583, 230.594420, 221.066755, 213.251467, 228.383580
223.773008, 219.606766, 225.835759, 230.620528, 237.725318, 233.709478, 209.766918, 213.199644, 225.847523, 203.346515, 235.744126, 241.284486, 198.893728, 227.152895, 204.939101, 221.296222, 234.807559, 212.102372, 231.491791, 223.394830, 209.877438, 217.722431, 235.660466, 185.823018, 208.053668, 228.597583, 230.594420, 221.066755, 213.251467, 228.383580
223.773008, 219.606766, 225.835759, 230.620528, 237.725318, 233.709478, 209.766918, 213.199644, 225.847523, 203.346515, 235.744126, 241.284486, 198.893728, 227.152895, 204.939101, 221.296222, 234.807559, 212.102372, 231.491791, 223.394830, 209.877438, 217.722431, 235.660466, 185.823018, 208.053668, 228.597583, 230.594420, 221.066755, 213.251467, 228.383580
223.773008, 219.606766, 225.835759, 230.620528, 237.725318, 233.709478, 209.766918, 213.199644, 225.847523, 203.346515, 235.744126, 241.284486, 198.893728, 227.152895, 204.939101, 221.296222, 234.807559, 212.102372, 231.491791, 223.394830, 209.877438, 217.722431, 235.660466, 185.823018, 208.053668, 228.597583, 230.594420, 221.066755, 213.251467, 228.383580
223.773008, 219.606766, 225.835759, 230.620528, 237.725318, 233.709478, 209.766918, 213.199644, 225.847523, 203.346515, 235.744126, 241.284486, 198.893728, 227.152895, 204.939101, 221.296222, 234.807559, 212.102372, 231.491791, 223.394830, 209.877438, 217.722431, 235.660466, 185.823018, 208.053668, 228.597583, 230.594420, 221.066755, 213.251467, 228.383580
223.773008, 219.606766, 225.835759, 230.620528, 237.725318, 233.709478, 209.766918, 213.199644, 225.847523, 203.346515, 235.744126, 241.284486, 198.893728, 227.152895, 204.939101, 221.296222, 234.807559, 212.102372, 231.491791, 223.394830, 209.877438, 217.722431, 235.660466, 185.823018, 208.053668, 228.597583, 230.594420, 221.066755, 213.251467, 228.383580
223.773008, 219.606766, 225.835759, 230.620528, 237.725318, 233.709478, 209.766918, 213.199644, 225.847523, 203.346515, 235.744126, 241.284486, 198.893728, 227.152895, 204.939101, 221.296222, 234.807559, 212.102372, 231.491791, 223.394830, 209.877438, 217.722431, 235.660466, 185.823018, 208.053668, 228.597583, 230.594420, 221.066755, 213.251467, 228.383580
223.773008, 219.606766, 225.835759, 230.620528, 237.725318, 233.709478, 209.766918, 213.199644, 225.847523, 203.346515, 235.744126, 241.284486, 198.893728, 227.152895, 204.939101, 221.296222, 234.807559, 212.102372, 231.491791, 223.394830, 209.877438, 217.722431, 235.660466, 185.823018, 208.053668, 228.597583, 230.594420, 221.066755, 213.251467, 228.383580
223.773008, 219.606766, 225.835759, 230.620528, 237.725318, 233.709478, 209.766918, 213.199644, 225.847523, 203.346515, 235.744126, 241.284486, 198.893728, 227.152895, 204.939101, 221.296222, 234.807559, 212.102372, 231.491791, 223.394830, 209.877438, 217.722431, 235.660466, 185.823018, 208.053668, 228.597583, 230.594420, 221.066755, 213.251467, 228.383580
223.773008, 219.606766, 225.835759, 230.620528, 237.725318, 233.709478, 209.766918, 213.199644, 225.847523, 203.346515, 235.744126, 241.284486, 198.893728, 227.152895, 204.939101, 221.296222, 234.807559, 212.102372, 231.491791, 223.394830, 209.877438, 217.722431, 235.660466, 185.823018, 208.053668, 228.597583, 230.594420, 221.066755, 213.251467, 228.383580
223.773008, 219.606766, 225.835759, 230.620528, 237.725318, 233.709478, 209.766918, 213.199644, 225.847523, 203.346515, 235.744126, 241.284486, 198.893728, 227.152895, 204.939101, 221.296222, 234.807559, 212.102372, 231.491791, 223.394830, 209.877438, 217.722431, 235.660466, 185.823018, 208.053668, 228.597583, 230.594420, 221.066755, 213.251467, 228.383580
223.773008, 219.606766, 225.835759, 230.620528, 237.725318, 233.709478, 209.766918, 213.199644, 225.847523, 203.346515, 235.744126, 241.284486, 198.893728, 227.152895, 204.939101, 221.296222, 234.807559, 212.102372, 231.491791, 223.394830, 209.877438, 217.722431, 235.660466, 185.823018, 208.053668, 228.597583, 230.594420, 221.066755, 213.251467, 228.383580
223.773008, 219.606766, 225.835759, 230.620528, 237.725318, 233.709478, 209.766918, 213.199644, 225.847523, 203.346515, 235.744126, 241.284486, 198.893728, 227.152895, 204.939101, 221.296222, 234.807559, 212.102372, 231.491791, 223.394830, 209.877438, 217.722431, 235.660466, 185.823018, 208.053668, 228.597583, 230.594420, 221.066755, 213.251467, 228.383580
223.773008, 219.606766, 225.835759, 230.620528, 237.725318, 233.709478, 209.766918, 213.199644, 225.847523, 203.346515, 235.744126, 241.284486, 198.893728, 227.152895, 204.939101, 221.296222, 234.807559, 212.102372, 231.491791, 223.394830, 209.877438, 217.722431, 235.660466, 185.823018, 208.053668, 228.597583, 230.594420, 221.066755, 213.251467, 228.383580
223.773008, 219.606766, 225.835759, 230.620528, 237.725318, 233.709478, 209.766918, 213.199644, 225.847523, 203.346515, 235.744126, 241.284486, 198.893728, 227.152895, 204.939101, 221.296222, 234.807559, 212.102372, 231.491791, 223.394830, 209.877438, 217.722431, 235.660466, 185.823018, 208.053668, 228.597583, 230.594420, 221.066755, 213.251467, 228.383580
223.773008, 219.606766, 225.835759, 230.620528, 237.725318, 233.709478, 209.766918, 213.199644, 225.847523, 203.346515, 235.744126, 241.284486, 198.893728, 227.152895, 204.939101, 221.296222, 234.807559, 212.102372, 231.491791, 223.394830, 209.877438, 217.722431, 235.660466, 185.823018, 208.053668, 228.597583, 230.594420, 221.066755, 213.251467, 228.383580
223.773008, 219.606766, 225.835759, 230.620528, 237.725318, 233.709478, 209.766918, 213.199644, 225.847523, 203.346515, 235.744126, 241.284486, 198.893728, 227.152895, 204.939101, 221.296222, 234.807559, 212.102372, 231.491791, 223.394830, 209.877438, 217.722431, 235.660466, 185.823018, 208.053668, 228.597583, 230.594420, 221.066755, 213.251467, 228.383580
223.773008, 219.606766, 225.835759, 230.620528, 237.725318, 233.709478, 209.766918, 213.199644, 225.847523, 203.346515, 235.744126, 241.284486, 198.893728, 227.152895, 204.939101, 221.296222, 234.807559, 212.102372, 231.491791, 223.394830, 209.877438, 217.722431, 235.660466, 185.823018, 208.053668, 228.597583, 230.594420, 221.066755, 213.251467, 228.383580
223.773008, 219.606766, 225.835759, 230.620528, 237.725318, 233.709478, 209.766918, 213.199644, 225.847523, 203.346515, 235.744126, 241.284486, 198.893728, 227.152895, 204.939101, 221.296222, 234.807559, 212.102372, 231.491791, 223.394830, 209.877438, 217.722431, 235.660466, 185.823018, 208.053668, 228.597583, 230.594420, 221.066755, 213.251467, 228.383580
223.773008, 219.606766, 225.835759, 230.620528, 237.725318, 233.709478, 209.766918, 213.199644, 225.847523, 203.346515, 235.744126, 241.284486, 198.893728, 227.152895, 204.939101, 221.296222, 234.807559, 212.102372, 231.491791, 223.394830, 209.877438, 217.722431, 235.660466, 185.823018, 208.053668, 228.597583, 230.594420, 221.066755, 213.251467, 228.383580
223.773008, 219.606766, 225.835759, 230.620528, 237.725318, 233.709478, 209.766918, 213.199644, 225.847523, 203.346515, 235.744126, 241.284486, 198.893728, 227.152895, 204.939101, 221.296222, 234.807559, 212.102372, 231.491791, 223.394830, 209.877438, 217.722431, 235.660466, 185.823018, 208.053668, 228.597583, 230.594420, 221.066755, 213.251467, 228.383580
223.773008, 219.606766, 225.835759, 230.620528, 237.725318, 233.709478, 209.766918, 213.199644, 225.847523, 203.346515, 235.744126, 241.284486, 198.893728, 227.152895, 204.939101, 221.296222, 234.807559, 212.102372, 231.491791, 223.394830, 209.877438, 217.722431, 235.660466, 185.823018, 208.053668, 228.597583, 230.594420, 221.066755, 213.251467, 228.383580
223.773008, 219.606766, 225.835759, 230.620528, 237.725318, 233.709478, 209.766918, 213.199644, 225.847523, 203.346515, 235.744126, 241.284486, 198.893728, 227.152895, 204.939101, 221.296222, 234.807559, 212.102372, 231.491791, 223.394830, 209.877438, 217.722431, 235.660466, 185.823018, 208.053668, 228.597583, 230.594420, 221.066755, 213.251467, 228.383580
223.773008, 219.606766, 225.835759, 230.620528, 237.725318, 233.709478, 209.766918, 213.199644, 225.847523, 203.346515, 235.744126, 241.284486, 198.893728, 227.152895, 204.939101, 221.296222, 234.807559, 212.102372, 231.491791, 223.394830, 209.877438, 217.722431, 235.660466, 185.823018, 208.053668, 228.597583, 230.594420, 221.066755, 213.251467, 228.383580
223.773008, 219.606766, 225.835759, 230.620528, 237.725318, 233.709478, 209.766918, 213.199644, 225.847523, 203.346515, 235.744126, 241.284486, 198.893728, 227.152895, 204.939101, 221.296222, 234.807559, 212.102372, 231.491791, 223.394830, 209.877438, 217.722431, 235.660466, 185.823018, 208.053668, 228.597583, 230.594420, 221.066755, 213.251467, 228.383580
223.773008, 219.606766, 225.835759, 230.620528, 237.725318, 233.709478, 209.766918, 213.199644, 225.847523, 203.346515, 235.744126, 241.284486, 198.893728, 227.152895, 204.939101, 221.296222, 234.807559, 212.102372, 231.491791, 223.394830, 209.877438, 217.722431, 235.660466, 185.823018, 208.053668, 228.597583, 230.594420, 221.066755, 213.251467, 228.383580
223.773008, 219.606766, 225.835759, 230.620528, 237.725318, 233.709478, 209.766918, 213.199644, 225.847523, 203.346515, 235.744126, 241.284486, 198.893728, 227.152895, 204.939101, 221.296222, 234.807559, 212.102372, 231.491791, 223.394830, 209.877438, 217.722431, 235.660466, 185.823018, 208.053668, 228.597583, 230.594420, 221.066755, 213.251467, 228.383580
223.773008, 219.606766, 225.835759, 230.620528, 237.725318, 233.709478, 209.766918, 213.199644, 225.847523, 203.346515, 235.744126, 241.284486, 198.893728, 227.152895, 204.939101, 221.296222, 234.807559, 212.102372, 231.491791, 223.394830, 209.877438, 217.722431, 235.660466, 185.823018, 208.053668, 228.597583, 230.594420, 221.066755, 213.251467, 228.383580
223.773008, 219.606766, 225.835759, 230.620528, 237.725318, 233.709478, 209.766918, 213.199644, 225.847523, 203.346515, 235.744126, 241.284486, 198.893728, 227.152895, 204.939101, 221.296222, 234.807559, 212.102372, 231.491791, 223.394830, 209.877438, 217.722431, 235.660466, 185.823018, 208.053668, 228.597583, 230.594420, 221.066755, 213.251467, 228.383580
223.773008, 219.606766, 225.835759, 230.620528, 237.725318, 233.709478, 209.766918, 213.199644, 225.847523, 203.346515, 235.744126, 241.284486, 198.893728, 227.152895, 204.939101, 221.296222, 234.807559, 212.102372, 231.491791, 223.394830, 209.877438, 217.722431, 235.660466, 185.823018, 208.053668, 228.597583, 230.594420, 221.066755, 213.251467, 228.383580
223.773008, 219.606766, 225.835759, 230.620528, 237.725318, 233.709478, 209.766918, 213.199644, 225.847523, 203.346515, 235.744126, 241.284486, 198.893728, 227.152895, 204.939101, 221.296222, 234.807559, 212.102372, 231.491791, 223.394830, 209.877438, 217.722431, 235.660466, 185.823018, 208.053668, 228.597583, 230.594420, 221.066755, 213.251467, 228.383580
223.773008, 219.606766, 225.835759, 230.620528, 237.725318, 233.709478, 209.766918, 213.199644, 225.847523, 203.346515, 235.744126, 241.284486, 198.893728, 227.152895, 204.939101, 221.296222, 234.807559, 212.102372, 231.491791, 223.394830, 209.877438, 217.722431, 235.660466, 185.823018, 208.053668, 228.597583, 230.594420, 221.066755, 213.251467, 228.383580
223.773008, 219.606766, 225.835759, 230.620528, 237.725318, 233.709478, 209.766918, 213.199644, 225.847523, 203.346515, 235.744126, 241.284486, 198.893728, 227.152895, 204.939101, 221.296222, 234.807559, 212.102372, 231.491791, 223.394830, 209.877438, 217.722431, 235.660466, 185.823018, 208.053668, 228.597583, 230.594420, 221.066755, 213.251467, 228.383580
223.773008, 219.606766, 225.835759, 230.620528, 237.725318, 233.709478, 209.766918, 213.199644, 225.847523, 203.346515, 235.744126, 241.284486, 198.893728, 227.152895, 204.939101, 221.296222, 234.807559, 212.102372, 231.491791, 223.394830, 209.877438, 217.722431, 235.660466, 185.823018, 208.053668, 228.597583, 230.594420, 221.066755, 213.251467, 228.383580
223.773008, 219.606766, 225.835759, 230.620528, 237.725318, 233.709478, 209.766918, 213.199644, 225.847523, 203.346515, 233.395193, 241.284486, 198.893728, 227.152895, 204.939101, 221.296222, 234.807559, 212.102372, 231.491791, 223.394830, 209.877438, 217.722431, 235.660466, 185.823018, 208.053668, 228.597583, 230.594420, 221.066755, 213.251467, 228.383580
223.773008, 219.606766, 225.835759, 230.620528, 237.725318, 233.709478, 209.766918, 213.199644, 225.847523, 203.346515, 233.395193, 241.284486, 198.893728, 227.152895, 204.939101, 221.296222, 234.807559, 212.102372, 231.491791, 223.394830, 209.877438, 217.722431, 235.660466, 185.823018, 208.053668, 228.597583, 230.594420, 221.066755, 213.251467, 228.383580
223.773008, 219.606766, 225.835759, 230.620528, 237.725318, 228.929608, 209.766918, 213.199644, 225.847523, 203.346515, 233.395193, 241.284486, 198.893728, 227.152895, 204.939101, 221.296222, 234.807559, 212.102372, 231.491791, 223.394830, 209.877438, 217.722431, 235.660466, 185.823018, 208.053668, 228.597583, 230.594420, 221.066755, 213.251467, 228.383580
223.773008, 219.606766, 225.835759, 230.620528, 237.725318, 228.929608, 209.766918, 213.199644, 225.847523, 203.346515, 233.395193, 241.284486, 198.893728, 227.152895, 204.939101, 221.296222, 234.807559, 212.102372, 231.491791, 223.394830, 209.877438, 217.722431, 235.660466, 185.823018, 208.053668, 228.597583, 230.594420, 221.066755, 213.251467, 228.383580
223.773008, 219.606766, 225.835759, 230.620528, 237.725318, 228.929608, 209.766918, 213.199644, 225.847523, 203.346515, 233.395193, 241.284486, 198.893728, 227.152895, 204.939101, 221.296222, 234.807559, 212.102372, 231.491791, 223.394830, 209.877438, 217.722431, 235.660466, 185.823018, 208.053668, 228.597583, 230.594420, 221.066755, 213.251467, 228.383580
223.773008, 219.606766, 196.468184, 230.620528, 237.725318, 228.929608, 209.766918, 213.199644, 225.847523, 203.346515, 233.395193, 241.284486, 198.893728, 227.152895, 204.939101, 221.296222, 234.807559, 212.102372, 231.491791, 223.394830, 209.877438, 217.722431, 235.660466, 185.823018, 208.053668, 228.597583, 230.594420, 221.066755, 213.251467, 228.383580
223.773008, 219.606766, 196.468184, 230.620528, 237.725318, 228.929608, 209.766918, 213.199644, 225.847523, 203.346515, 233.395193, 241.284486, 198.893728, 227.152895, 204.939101, 221.296222, 234.807559, 212.102372, 224.728383, 223.394830, 209.877438, 217.722431, 235.660466, 185.823018, 208.053668, 228.597583, 230.594420, 221.066755, 213.251467, 228.383580
223.773008, 219.606766, 196.468184, 230.620528, 237.725318, 228.929608, 209.766918, 213.199644, 225.847523, 203.346515, 233.395193, 241.284486, 198.893728, 227.152895, 204.939101, 221.296222, 234.807559, 212.102372, 224.728383, 223.394830, 209.877438, 217.722431, 235.660466, 185.823018, 208.053668, 228.597583, 230.594420, 221.066755, 213.251467, 228.383580
223.773008, 219.606766, 196.468184, 230.620528, 237.725318, 228.929608, 209.766918, 213.199644, 225.847523, 203.346515, 233.395193, 241.284486, 198.893728, 227.152895, 204.939101, 221.296222, 234.807559, 212.102372, 224.728383, 223.394830, 209.877438, 217.722431, 235.660466, 185.823018, 208.053668, 228.597583, 230.594420, 221.066755, 213.251467, 228.383580
223.773008, 219.606766, 196.468184, 230.620528, 237.725318, 228.929608, 209.766918, 213.199644, 225.847523, 203.346515, 233.395193, 241.284486, 198.893728, 227.152895, 204.939101, 221.296222, 234.807559, 212.102372, 224.728383, 223.394830, 209.877438, 217.722431, 235.660466, 185.823018, 208.053668, 228.597583, 230.594420, 221.066755, 213.251467, 228.383580
223.773008, 219.606766, 196.468184, 230.620528, 237.725318, 228.929608, 209.766918, 213.199644, 225.847523, 203.346515, 233.395193, 241.284486, 198.893728, 227.152895, 204.939101, 221.296222, 234.807559, 212.102372, 224.728383, 223.394830, 209.877438, 217.722431, 235.660466, 185.823018, 208.053668, 228.597583, 230.594420, 221.066755, 213.251467, 228.383580
223.773008, 219.606766, 196.468184, 230.620528, 237.725318, 228.929608, 209.766918, 213.199644, 225.847523, 203.346515, 233.395193, 241.284486, 198.893728, 227.152895, 204.939101, 221.296222, 234.807559, 212.102372, 224.728383, 223.394830, 209.877438, 217.722431, 235.660466, 185.823018, 208.053668, 228.597583, 230.594420, 221.066755, 213.251467, 228.383580
