*********************************
Iteracao 1
0 14 25 19 20 23 1 27 5 9 31 3 6 29 15 22 16 12 13 8 21 24 4 10 11 30 7 32 17 26 18 28 2 49438.96004814697
0 3 13 20 25 24 4 28 10 14 18 19 12 2 9 27 32 6 11 16 29 17 30 8 22 1 23 26 21 5 15 31 7 51040.59335929674
0 32 21 16 22 27 23 24 2 26 11 15 18 12 29 1 14 4 28 10 3 17 5 30 8 25 7 20 9 13 6 19 31 54052.2012797479
0 12 30 5 1 7 2 24 25 11 32 10 27 21 4 3 18 31 29 13 23 6 19 15 16 20 8 14 22 17 28 26 9 51433.27584289442
0 19 14 6 10 7 2 12 31 1 23 25 21 29 28 26 11 8 22 4 17 5 27 30 13 15 9 20 24 3 18 16 32 52779.256350441254
0 24 25 16 22 5 21 8 28 7 6 29 27 4 20 17 32 1 23 2 18 26 14 30 10 3 9 11 12 19 31 15 13 51216.086535983224
0 2 24 5 25 10 11 29 7 15 27 6 22 30 20 3 4 32 1 31 13 12 19 18 17 14 9 16 21 23 26 28 8 50254.80827634492
0 21 24 22 8 2 19 18 28 6 27 26 29 31 23 32 20 9 14 10 17 30 25 3 15 7 11 4 13 1 12 5 16 50500.54815734711
0 8 5 15 11 16 12 18 20 26 6 19 25 7 23 13 17 28 9 1 22 3 27 4 24 31 30 2 32 21 29 10 14 49644.82425837563
0 3 24 11 20 32 1 27 28 17 6 16 25 30 4 19 15 22 7 10 18 29 2 31 12 21 5 8 23 14 26 9 13 52238.64364835435
0 3 12 11 25 18 28 8 9 30 4 7 24 10 1 19 23 13 5 2 26 17 14 22 15 29 21 31 6 16 27 32 20 51336.3381348842
0 9 30 27 26 11 29 10 3 1 23 31 12 22 24 4 8 25 28 2 7 21 13 5 6 16 15 20 19 17 32 14 18 48049.084144496665
0 9 21 22 20 14 26 18 28 1 25 12 13 31 27 32 10 17 15 24 19 3 7 8 5 2 11 6 23 29 4 16 30 50817.16489377801
0 24 22 4 21 27 32 12 28 19 2 11 14 1 7 17 31 6 13 29 30 23 8 5 16 10 3 15 18 20 26 9 25 50488.77837077415
0 13 27 28 14 10 30 15 2 5 6 31 9 21 32 17 22 12 25 7 11 8 16 19 18 4 29 20 26 23 24 3 1 52197.22934077052
0 20 5 32 1 24 4 6 28 8 10 31 30 15 27 23 21 11 3 17 14 22 18 19 26 7 25 29 2 9 12 13 16 48556.99803488124
0 20 18 28 6 13 14 17 24 19 21 26 5 12 32 3 4 10 23 27 7 1 9 31 29 22 2 8 25 16 15 11 30 50793.54165501997
0 12 19 27 32 15 1 21 25 23 22 24 26 8 18 13 3 7 6 10 14 11 30 28 20 5 29 4 9 17 2 16 31 49389.04065952998
0 18 24 7 23 3 15 25 21 4 9 19 28 32 6 16 20 22 29 8 2 10 1 5 31 12 30 11 17 26 27 13 14 51344.23837760744
0 3 8 29 15 27 6 7 28 9 20 16 5 13 26 2 25 12 18 22 30 11 23 4 32 1 10 31 24 17 19 14 21 51265.836569487365
0 24 3 8 2 12 27 29 15 32 10 20 26 5 6 22 1 14 11 17 16 23 19 21 25 7 28 13 9 4 18 31 30 47147.01992117204
0 26 9 28 7 20 1 21 29 24 14 31 4 12 16 22 18 10 8 5 15 32 25 23 3 11 6 30 27 19 17 13 2 47967.435807212205
0 26 10 29 13 24 12 22 30 1 2 5 23 4 11 9 19 32 27 14 17 8 18 20 16 15 7 21 6 31 25 28 3 52260.98065973877
0 30 14 22 3 17 25 16 11 32 31 6 19 29 7 20 23 24 27 26 5 2 12 13 8 1 15 10 9 18 28 21 4 51912.924915914125
0 26 15 5 13 19 31 8 24 29 18 32 4 6 16 25 28 14 7 17 11 21 23 22 1 20 30 10 9 12 27 3 2 50801.65062063341
0 30 20 31 18 7 13 3 15 17 21 11 12 32 29 8 16 4 1 27 9 10 25 14 22 6 5 28 19 26 23 24 2 50464.11115066461
0 9 14 2 29 22 24 13 11 18 6 28 27 25 23 4 16 31 1 32 17 10 7 21 5 12 30 20 15 19 3 8 26 53139.812753331964
0 9 6 16 15 31 2 30 27 13 19 32 29 24 17 14 10 11 1 25 22 3 4 23 21 8 5 28 12 7 20 18 26 49510.9994106777
0 3 25 29 22 18 12 24 10 7 30 20 26 5 13 9 27 32 15 14 2 6 17 8 16 31 23 19 21 4 11 1 28 51291.19108817321
0 25 1 27 24 12 29 17 4 7 28 15 22 6 5 21 30 10 8 9 14 2 31 3 20 19 32 26 16 18 11 23 13 50038.43189011603

*********************************
Iteracao 1001
0 24 9 10 19 17 23 26 32 20 11 5 7 14 18 27 29 3 30 1 2 6 13 15 31 4 16 25 28 22 8 12 21 52647.36406990552
0 24 28 1 32 8 3 10 20 26 30 5 29 7 14 19 21 22 25 23 11 2 6 9 13 15 18 27 4 12 16 31 17 49592.97260735389
0 31 1 12 16 25 30 15 8 3 10 11 17 21 23 28 4 27 2 6 9 22 32 7 14 19 5 29 26 24 13 18 20 49316.6803105607
0 18 11 24 10 13 15 17 27 29 3 25 21 19 22 26 20 16 28 31 5 7 14 23 9 12 8 1 2 6 4 32 30 51827.226124383524
0 31 2 6 9 12 16 25 30 28 3 7 14 19 22 1 32 8 10 20 26 23 17 27 5 4 13 11 21 29 24 15 18 54508.50592008063
0 6 9 12 16 24 30 31 28 1 3 7 14 19 22 26 5 8 23 11 15 20 21 4 27 17 10 13 18 25 29 32 2 50804.39899612879
0 31 28 1 2 6 9 13 15 8 11 12 21 20 16 25 29 3 7 14 18 26 32 24 5 22 17 30 23 10 19 27 4 48701.235240285576
0 27 29 3 31 4 2 6 9 17 22 30 32 8 11 21 19 28 23 26 5 7 14 18 25 13 15 16 24 1 12 20 10 49069.925611088795
0 26 4 3 7 14 23 11 22 31 15 17 25 29 2 6 9 18 27 28 1 32 12 16 13 8 24 30 5 10 19 21 20 49103.28234435141
0 24 27 28 1 2 6 9 14 19 22 11 26 31 4 13 15 18 25 30 23 17 20 16 12 32 8 3 7 21 29 5 10 50213.905420575524
0 24 32 8 1 2 6 9 13 15 25 29 14 18 27 26 31 4 11 3 7 19 21 30 22 28 10 20 16 12 17 23 5 48108.52779195837
0 12 16 25 32 24 17 22 27 28 30 1 2 6 5 10 20 26 23 15 8 3 7 14 19 13 11 21 4 31 9 18 29 48783.87938623643
0 10 13 15 21 29 31 28 1 2 6 9 12 16 26 32 8 3 7 14 19 22 27 4 5 11 20 25 23 24 30 17 18 48617.68579459766
0 18 27 28 30 7 14 19 21 29 31 1 2 6 9 4 5 3 10 20 26 15 11 16 25 17 8 32 12 23 24 13 22 50009.61913681003
0 4 1 5 7 14 19 17 27 25 28 30 15 18 26 32 8 3 10 20 21 29 31 2 6 9 11 22 24 16 23 13 12 49123.44360620517
0 23 11 3 7 14 19 22 28 1 2 6 18 21 13 15 17 8 26 20 9 12 16 25 32 29 4 27 24 5 10 30 31 53033.5450238314
0 31 29 3 7 14 19 22 11 16 24 30 28 1 2 6 9 13 23 17 25 18 27 4 5 10 20 26 32 8 15 21 12 47322.09702715565
0 31 12 16 25 32 7 14 18 26 1 2 6 23 28 9 13 8 3 10 5 29 4 15 11 21 20 24 30 27 22 17 19 51590.95006220273
0 18 27 29 3 28 1 7 14 19 22 10 8 12 16 24 30 32 15 17 11 21 13 26 31 4 2 6 9 23 25 5 20 50649.971981577946
0 24 12 16 22 14 19 28 1 2 6 9 11 20 18 25 29 27 4 7 23 31 5 32 30 15 26 21 10 13 17 8 3 48134.934778753006
0 24 30 31 2 6 9 7 14 18 27 25 11 5 8 3 10 20 26 13 15 17 12 16 28 1 32 23 4 22 21 29 19 50067.586142792265
0 31 1 2 9 11 8 3 7 14 19 30 12 16 24 27 28 32 20 26 5 4 13 10 21 29 15 17 23 22 25 18 6 54853.36822380827
0 10 22 5 3 7 14 18 27 31 4 2 6 9 13 15 17 12 16 25 23 11 20 26 32 8 1 24 29 19 21 30 28 51097.30256961804
0 18 27 29 31 28 1 2 6 9 13 15 26 32 8 25 24 16 23 22 5 11 14 19 7 12 20 21 30 17 10 4 3 50813.63394553088
0 29 31 32 11 21 30 15 8 3 7 14 19 13 10 17 23 24 28 1 2 6 9 18 25 4 5 12 16 22 26 20 27 52094.07049479985
0 18 27 29 2 6 5 31 4 7 14 19 22 32 20 10 1 16 25 30 24 17 26 23 13 15 21 12 11 28 3 8 9 49672.597156496995
0 31 28 1 2 6 9 17 27 13 7 14 18 25 29 5 12 16 22 10 20 26 32 23 19 4 3 21 15 8 11 24 30 48010.99607417864
0 18 25 1 2 6 9 14 19 22 30 17 26 32 20 10 7 15 23 29 31 4 5 12 16 24 13 11 21 28 27 3 8 51468.95731730731
0 6 9 15 19 7 21 18 23 26 29 28 31 2 1 13 11 17 25 32 8 3 10 20 22 30 4 5 24 14 16 12 27 51764.9765962626
0 18 27 8 3 13 15 19 10 20 22 24 30 4 2 6 9 12 21 11 16 25 29 31 5 7 14 17 23 26 1 32 28 51617.009822837244

*********************************
Iteracao 2001
0 4 27 5 8 7 13 20 26 32 1 2 23 31 28 3 9 11 15 6 14 24 29 10 12 19 25 30 16 21 18 22 17 47374.87346751456
0 4 28 27 2 6 15 22 30 32 29 1 25 9 11 16 24 31 3 5 8 7 13 20 21 10 17 12 18 23 26 14 19 53246.74810446956
0 4 19 23 31 26 9 14 21 22 30 18 27 2 10 12 13 20 25 32 29 28 1 24 7 8 5 17 15 3 11 16 6 52578.807099610014
0 4 6 15 5 17 18 14 24 29 31 32 1 2 3 12 16 23 20 25 28 19 10 9 11 21 27 30 7 8 13 22 26 50876.93136942525
0 4 13 20 29 1 2 31 23 26 28 3 5 8 9 11 16 24 7 14 27 32 12 17 19 30 15 21 10 6 18 25 22 50850.054470260635
0 4 28 25 19 12 17 23 22 3 11 32 1 2 6 18 10 9 14 24 31 16 13 21 7 26 27 20 30 5 8 29 15 52593.244841231484
0 4 6 15 21 30 28 26 8 27 18 24 20 29 31 32 1 2 14 23 19 25 9 11 16 17 13 22 10 12 7 3 5 45260.982127352625
0 4 17 24 31 2 1 12 13 19 26 27 32 25 7 8 9 11 16 23 29 5 10 14 21 28 20 18 22 30 15 6 3 46140.89634687599
0 4 15 22 30 5 8 9 12 18 24 11 16 23 28 27 7 14 21 31 32 29 2 6 26 25 20 13 19 17 10 3 1 53577.51945872865
0 4 10 12 25 32 1 2 6 14 5 8 9 11 17 13 7 16 20 22 18 15 21 31 3 28 29 19 23 27 30 24 26 50973.69104825079
0 4 17 24 31 32 5 8 9 14 22 3 27 18 25 29 10 19 26 28 1 2 6 15 23 21 30 7 13 20 16 12 11 47668.23940043958
0 4 18 25 27 3 1 2 6 15 22 23 17 19 26 29 10 12 16 24 31 32 7 13 20 21 30 5 8 9 11 14 28 51540.307817110086
0 4 13 20 22 3 26 8 9 11 17 15 23 31 2 6 5 10 12 28 29 1 30 7 16 19 25 32 14 24 18 27 21 50733.42145594696
0 4 10 9 11 16 24 29 32 27 2 6 15 22 30 5 8 12 18 14 7 13 20 26 28 25 17 19 21 31 23 3 1 47975.001431597295
0 4 10 19 26 30 7 13 20 28 1 2 6 15 22 29 3 9 11 21 25 18 24 31 32 27 5 8 14 23 17 12 16 50912.15126429489
0 4 10 13 20 28 25 7 8 9 11 16 24 29 31 32 1 2 6 15 22 30 21 17 12 18 26 27 19 3 5 14 23 48971.19780077326
0 4 27 2 6 15 22 30 29 3 5 8 9 14 18 25 24 20 21 28 1 32 31 7 13 11 17 19 26 12 10 23 16 48477.717473781755
0 4 10 12 17 22 30 32 28 3 5 8 9 11 21 6 15 26 18 23 29 31 7 27 25 13 14 24 20 1 2 16 19 49498.337166326026
0 4 6 15 22 30 1 32 5 8 11 17 23 14 24 7 28 25 20 26 31 21 12 10 9 13 16 29 2 19 27 18 3 51225.51134648403
0 4 15 22 30 28 26 10 11 16 23 31 3 5 8 9 14 27 18 25 29 32 12 7 13 20 21 19 17 24 6 2 1 52911.86701356055
0 4 19 20 10 9 11 16 24 31 3 2 6 15 21 17 18 25 28 29 7 14 26 27 30 1 32 5 8 13 22 23 12 53511.9011972293
0 4 13 20 22 30 1 2 6 15 23 19 16 24 29 25 32 7 14 21 28 26 11 3 5 8 9 31 17 18 12 27 10 53990.55782591019
0 4 19 20 26 2 10 9 11 16 24 31 3 5 8 12 18 22 30 29 7 14 23 17 21 28 27 25 13 15 6 32 1 51168.5199112301
0 4 15 22 18 24 28 3 25 8 7 13 20 21 31 16 23 27 30 32 29 1 5 12 14 10 6 17 19 26 2 11 9 51610.66487233634
0 4 19 21 13 7 14 10 11 16 24 29 32 27 30 1 2 6 15 23 17 18 3 5 8 9 26 28 25 22 12 31 20 53101.01793929427
0 4 10 12 17 13 7 14 21 30 32 25 28 1 2 19 27 5 8 9 11 23 31 3 26 18 29 16 24 20 22 15 6 49392.18453341563
0 4 10 12 17 24 29 1 32 6 15 22 30 23 2 14 13 16 20 21 28 3 5 8 9 11 19 26 31 7 18 25 27 54633.29949652841
0 4 10 11 17 27 30 32 1 2 6 18 14 19 25 15 23 21 13 20 26 28 3 5 8 9 12 7 16 24 31 29 22 50620.940299643604
0 4 19 26 8 29 7 13 20 22 30 32 12 25 28 3 5 15 9 11 17 23 31 21 16 24 18 27 2 6 14 10 1 49228.37944311641
0 4 10 13 15 22 30 32 1 2 6 5 8 9 11 16 24 7 14 19 25 28 3 26 18 29 31 27 21 12 17 23 20 52167.15182464782

*********************************
Iteracao 3001
0 4 27 32 30 1 22 25 13 14 10 17 24 21 12 9 20 28 29 6 15 2 26 23 19 7 3 5 8 18 11 16 31 53723.993704441666
0 4 10 11 16 24 5 8 3 21 12 22 28 31 1 2 6 15 29 32 17 23 19 25 14 18 26 30 7 9 20 27 13 49353.75048372972
0 4 10 25 1 2 6 20 22 28 7 3 5 8 18 26 9 12 17 24 21 31 13 23 14 16 27 32 30 19 15 29 11 51407.74120998183
0 4 27 32 30 19 20 5 8 16 24 26 25 10 11 13 17 22 28 31 21 12 9 18 23 1 2 6 15 29 3 7 14 49759.71141289917
0 4 27 32 31 1 2 20 21 29 9 12 22 25 16 24 28 3 5 8 18 26 7 10 11 13 23 14 17 19 30 15 6 50877.32783154523
0 4 27 2 6 15 29 32 1 21 19 20 13 17 23 14 18 26 25 31 5 8 16 24 28 3 11 10 12 22 7 9 30 45179.31346533969
0 4 27 32 20 22 17 21 12 9 19 25 31 3 5 8 16 24 1 2 6 15 29 18 26 7 23 30 11 13 14 10 28 50440.10128774753
0 4 27 32 6 15 29 31 30 10 11 16 23 24 25 28 21 9 12 22 19 14 17 3 5 8 18 26 7 13 20 1 2 46366.06036192217
0 4 10 11 13 17 21 14 18 26 31 24 29 2 6 15 5 8 16 22 23 28 3 19 25 7 9 12 1 27 32 30 20 49190.636712580206
0 4 27 32 23 30 22 19 7 9 12 18 26 5 8 16 17 24 28 21 29 31 3 13 14 20 10 11 2 6 15 25 1 54066.24826038204
0 4 27 32 1 2 6 15 10 11 13 9 12 22 28 29 17 24 25 31 30 21 16 23 20 19 14 18 26 7 3 5 8 49814.05653647067
0 4 10 11 2 6 15 29 31 30 20 5 8 18 26 25 21 12 22 28 7 9 17 23 1 32 3 13 14 16 24 19 27 50824.97038987841
0 4 27 7 9 12 22 31 1 26 30 3 28 29 2 6 15 19 25 24 5 8 18 23 10 11 13 17 21 20 16 32 14 47373.9132172002
0 4 27 32 1 30 7 3 5 8 18 26 10 29 9 12 22 28 23 24 25 17 15 14 13 19 21 20 11 16 31 6 2 52685.89704360102
0 4 10 11 13 14 20 28 31 30 3 5 8 24 32 1 22 25 19 2 6 15 29 23 16 7 9 12 27 21 17 26 18 50334.92745278238
0 4 27 32 14 18 26 31 3 5 8 16 24 9 12 22 28 29 6 15 7 23 30 1 2 20 10 11 13 17 21 19 25 50747.74448493195
0 4 10 11 13 23 30 20 14 17 24 29 32 1 2 6 15 19 25 31 3 28 26 7 9 12 22 18 21 27 5 8 16 50647.790279356734
0 4 27 32 1 30 7 20 13 14 18 26 24 9 10 11 2 6 15 29 31 3 25 16 17 22 28 21 23 19 12 8 5 50105.16819592668
0 4 27 23 28 31 1 2 6 18 26 7 9 12 22 29 11 13 20 21 8 3 5 25 17 24 19 14 16 32 30 15 10 53670.83049221898
0 4 10 7 3 28 31 21 19 20 27 32 17 24 29 15 2 6 1 26 5 8 16 23 14 18 30 12 22 25 13 9 11 50765.973369780106
0 4 27 32 31 28 7 9 12 22 11 13 14 18 26 25 8 16 24 29 2 20 10 17 23 30 15 5 3 19 21 1 6 55297.33559020078
0 4 27 32 30 12 22 21 23 14 18 26 7 9 10 11 13 19 25 31 3 5 8 16 24 29 6 15 17 20 1 2 28 50326.233811772996
0 4 10 11 13 20 28 3 5 8 18 26 31 32 17 24 29 23 14 12 22 16 27 25 1 2 6 15 19 7 9 30 21 55935.10258700138
0 4 27 15 2 6 22 28 31 3 13 17 21 11 16 24 29 20 7 9 12 8 32 1 14 18 26 25 19 30 10 5 23 48958.69811058086
0 4 27 3 5 8 16 24 28 31 7 9 12 22 21 11 13 14 18 26 29 6 15 25 19 23 20 1 2 17 30 10 32 52428.784252972524
0 4 27 32 30 1 26 7 9 12 22 23 13 20 19 15 29 31 24 17 25 8 16 5 28 3 10 11 18 21 14 2 6 50099.09867855976
0 4 27 32 17 22 7 3 5 8 18 26 29 15 2 6 31 28 23 19 30 1 16 24 25 21 10 11 13 14 20 9 12 52770.78846869432
0 4 27 21 23 30 32 1 14 18 26 29 15 19 17 24 25 7 9 12 22 31 3 5 8 16 20 28 11 13 10 6 2 50689.07025219256
0 4 27 14 17 24 25 23 1 2 6 15 18 26 31 30 3 5 8 28 21 20 7 16 22 11 13 19 9 12 10 29 32 49819.71419235468
0 4 10 11 20 28 29 31 3 5 8 18 21 12 17 24 19 27 32 1 2 6 15 7 9 13 14 26 25 30 16 23 22 49680.14064007069

*********************************
Iteracao 4001
0 4 27 5 15 24 12 10 3 7 13 22 26 1 2 6 21 31 17 28 32 11 14 20 23 25 16 9 18 19 29 8 30 48085.53236125176
0 4 27 5 15 24 32 18 16 25 7 1 3 10 12 9 8 13 22 31 6 21 11 17 28 14 19 26 23 30 2 20 29 52387.450756843085
0 4 27 5 15 24 10 11 19 17 20 23 30 32 1 2 6 21 31 25 29 3 7 13 22 18 12 16 14 9 28 26 8 49532.28207396797
0 4 27 5 15 8 14 19 30 2 6 21 31 29 3 7 13 22 26 1 9 12 20 23 18 10 28 32 16 25 17 11 24 48599.59376288933
0 4 27 5 15 8 14 19 26 32 1 23 25 10 12 9 11 17 28 6 21 31 30 3 7 13 22 29 18 20 16 24 2 49344.67444782204
0 4 27 5 15 8 20 19 23 26 29 28 9 10 11 17 14 13 22 31 2 6 21 25 32 16 12 7 1 3 18 30 24 50638.35730807486
0 4 27 5 15 8 21 2 20 19 11 17 28 32 31 3 7 13 22 29 30 24 16 18 10 12 9 14 1 26 6 23 25 45827.79622159062
0 4 27 5 15 24 19 26 6 21 31 9 18 12 16 20 23 30 32 1 2 22 29 28 10 11 17 14 13 7 25 8 3 49344.0440072954
0 4 27 5 15 24 10 11 17 28 3 7 1 32 23 31 30 29 26 14 20 25 16 8 12 13 22 9 2 6 21 18 19 47703.01344150175
0 4 27 5 15 8 13 22 31 2 21 25 16 14 19 26 29 3 7 1 24 23 30 11 17 12 10 20 18 9 28 32 6 48605.9011123909
0 4 27 5 15 24 30 2 6 21 31 28 32 1 12 19 26 3 7 14 20 9 18 23 25 29 16 10 11 17 8 13 22 53690.255490666765
0 4 27 5 15 8 13 22 30 32 1 2 6 21 31 29 28 14 19 24 12 20 23 18 10 11 17 26 16 25 7 3 9 44239.60850832231
0 4 27 5 15 8 13 22 30 32 1 2 6 21 31 3 7 14 20 23 25 9 11 19 26 24 16 29 10 12 17 28 18 49301.20816083163
0 4 27 5 15 8 14 20 23 7 13 22 30 3 1 2 6 21 31 28 32 25 29 12 9 11 17 26 18 10 19 24 16 51934.0059741576
0 4 27 5 15 24 10 11 17 28 6 16 20 8 13 22 31 3 7 14 30 2 1 9 12 19 23 18 25 29 32 26 21 51850.18496369726
0 4 27 5 15 8 14 20 16 23 26 29 25 7 28 3 10 12 13 22 30 32 1 2 6 21 31 9 11 17 18 19 24 47498.94499052832
0 4 27 5 15 8 13 22 29 1 23 7 14 17 28 32 31 30 2 6 21 26 24 10 11 19 18 12 20 25 16 3 9 49062.550645308394
0 4 27 5 15 24 26 32 1 3 7 14 10 11 17 20 18 23 31 2 6 21 25 12 13 22 29 28 19 30 8 16 9 49840.59761665667
0 4 27 5 15 24 10 11 14 17 28 32 1 20 18 16 25 6 21 31 3 7 13 22 29 8 23 9 12 19 26 30 2 49758.633679800645
0 4 27 5 15 8 13 22 30 2 6 21 31 3 7 25 29 32 9 11 17 28 26 1 20 24 16 14 19 23 18 10 12 46513.512274598244
0 4 27 5 15 8 10 12 19 31 28 32 1 2 6 21 20 25 29 26 9 11 17 18 22 30 3 7 13 24 16 23 14 47767.15484218613
0 4 27 5 15 8 13 22 30 29 32 1 2 6 21 11 16 10 19 31 3 18 12 17 28 25 7 14 20 9 24 26 23 50932.99062708783
0 4 27 5 15 24 26 29 31 3 7 14 19 8 12 16 20 18 23 10 11 17 28 6 21 25 9 2 22 30 32 1 13 50532.99837565687
0 4 27 5 15 24 1 2 6 21 31 30 32 7 13 8 20 18 16 29 3 9 11 17 28 25 23 26 14 19 12 10 22 51980.051846114104
0 4 27 5 15 24 16 23 8 12 10 11 17 28 32 1 2 6 14 9 18 19 20 25 29 3 7 13 22 30 26 21 31 48210.548634949824
0 4 27 5 15 8 10 11 17 28 3 7 25 32 1 2 6 21 31 9 12 20 19 26 23 30 13 22 29 16 24 14 18 50910.63537131827
0 4 27 5 15 24 11 17 8 13 22 30 32 23 18 10 12 21 31 25 16 20 9 28 6 14 19 29 3 7 1 2 26 49096.35708835198
0 4 27 5 15 8 1 2 6 21 31 25 32 7 28 10 24 14 17 18 23 22 30 26 29 3 9 16 11 19 20 12 13 47821.77808232274
0 4 27 5 15 8 10 28 31 25 23 7 17 12 19 26 18 9 2 6 21 20 16 30 3 29 22 11 14 13 24 1 32 47661.923551349864
0 4 27 5 15 24 29 31 30 2 6 21 26 1 3 7 14 9 11 17 18 12 20 19 13 22 8 25 32 16 10 28 23 46845.624288635285

*********************************
Iteracao 5001
0 4 27 5 15 24 26 32 19 20 11 25 21 8 10 14 23 31 1 2 6 18 30 22 3 17 12 13 9 16 28 29 7 47005.60244043482
0 4 27 5 15 24 26 32 19 20 11 25 31 29 1 2 6 18 30 22 17 23 9 16 3 13 8 10 14 28 21 12 7 49020.89127508505
0 4 27 5 15 24 26 32 19 20 11 13 23 8 10 14 16 29 31 1 2 6 18 30 22 3 21 28 9 17 12 7 25 47859.23518242827
0 4 27 5 15 24 26 32 19 20 11 25 3 7 12 21 22 8 14 23 13 9 6 18 30 17 31 1 2 16 28 29 10 49867.840130373384
0 4 27 5 15 24 26 32 19 20 11 25 22 8 10 14 23 31 30 3 21 28 29 1 2 6 18 7 12 13 17 9 16 48215.76383574964
0 4 27 5 15 24 26 32 19 20 11 25 1 2 6 18 30 22 28 29 9 16 13 10 14 23 31 12 7 3 17 8 21 48539.72227880011
0 4 27 5 15 24 26 32 19 20 11 25 22 8 10 14 23 29 31 7 12 3 6 18 21 16 9 17 28 1 2 30 13 48268.2411734799
0 4 27 5 15 24 26 32 19 20 11 25 1 2 6 18 30 3 7 12 13 9 16 28 29 31 22 8 10 14 23 21 17 50159.62385999958
0 4 27 5 15 24 26 32 19 20 11 25 1 2 12 22 28 3 7 9 17 31 10 8 14 23 13 29 6 18 30 21 16 50070.02950945563
0 4 27 5 15 24 26 32 19 20 11 25 1 2 6 18 30 17 9 16 13 22 28 21 8 10 14 29 31 7 3 12 23 48647.94165753176
0 4 27 5 15 24 26 32 19 20 11 25 22 14 21 28 29 7 9 16 17 31 2 6 18 30 12 13 8 10 3 1 23 49627.23749980687
0 4 27 5 15 24 26 32 19 20 11 25 31 28 8 12 21 22 18 7 3 14 23 29 1 2 6 13 10 17 9 16 30 49546.635662989785
0 4 27 5 15 24 26 32 19 20 11 25 1 16 3 7 9 17 31 10 13 12 21 8 28 29 6 18 30 22 23 14 2 49470.796558552305
0 4 27 5 15 24 26 32 19 20 11 25 29 12 13 1 2 6 18 30 31 7 9 16 3 21 22 8 14 23 28 17 10 49394.97627649042
0 4 27 5 15 24 26 32 19 20 11 25 1 2 16 29 13 12 23 21 28 17 22 6 18 30 3 14 7 8 10 31 9 47179.313619230736
0 4 27 5 15 24 26 32 19 20 11 25 22 21 13 31 29 1 2 12 23 30 3 7 9 17 28 8 10 14 16 18 6 49948.06619837498
0 4 27 5 15 24 26 32 19 20 11 25 6 18 30 1 2 12 13 9 16 7 3 14 23 29 31 10 8 17 28 21 22 50232.01357713861
0 4 27 5 15 24 26 32 19 20 11 25 31 22 14 16 13 12 21 9 30 1 2 6 18 29 23 8 10 7 3 17 28 50318.0221034483
0 4 27 5 15 24 26 32 19 20 11 25 22 14 23 30 31 1 2 6 18 21 28 3 7 8 17 12 13 10 9 16 29 48431.18914265801
0 4 27 5 15 24 26 32 19 20 11 25 1 2 6 18 30 22 14 10 12 21 23 31 7 3 13 9 16 29 8 17 28 49679.29494155647
0 4 27 5 15 24 26 32 19 20 11 25 31 28 29 13 3 17 23 14 22 8 12 21 9 16 7 6 18 30 10 1 2 48349.82883492388
0 4 27 5 15 24 26 32 19 20 11 25 31 12 13 2 6 18 30 29 1 16 9 3 7 22 17 8 28 10 14 23 21 47645.73942723825
0 4 27 5 15 24 26 32 19 20 11 25 10 13 7 12 21 22 6 18 17 23 9 16 29 31 1 2 28 3 30 14 8 47965.1340282599
0 4 27 5 15 24 26 32 19 20 11 25 22 28 29 7 9 16 3 30 2 6 18 21 8 10 13 17 31 1 14 23 12 50385.792330566466
0 4 27 5 15 24 26 32 19 20 11 25 10 14 7 12 21 22 8 17 23 31 18 30 1 2 6 13 9 16 29 28 3 46358.89573170267
0 4 27 5 15 24 26 32 19 20 11 25 10 14 28 29 6 18 30 17 13 9 16 23 8 12 21 22 7 1 31 3 2 49240.120224697734
0 4 27 5 15 24 26 32 19 20 11 25 10 14 28 29 7 9 16 23 30 22 6 18 21 8 17 31 12 13 2 1 3 47804.69037004008
0 4 27 5 15 24 26 32 19 20 11 25 1 16 7 9 17 31 2 12 21 13 8 10 14 30 3 29 23 28 22 18 6 45682.685851600196
0 4 27 5 15 24 26 32 19 20 11 25 10 8 22 28 3 21 16 13 9 17 31 1 2 6 14 23 30 12 7 29 18 46869.35470636467
0 4 27 5 15 24 26 32 19 20 11 25 28 29 1 2 6 18 30 3 7 17 23 13 9 14 22 8 10 12 21 31 16 50203.57815918904

*********************************
Iteracao 6001
0 4 27 5 15 24 26 32 19 20 11 25 31 28 14 30 1 2 23 29 13 8 12 21 22 18 7 6 9 10 17 16 3 48038.045786140385
0 4 27 5 15 24 26 32 19 20 11 25 31 28 14 30 1 2 23 29 22 18 3 9 10 13 8 12 21 6 7 17 16 49642.58092414023
0 4 27 5 15 24 26 32 19 20 11 25 31 28 14 30 1 2 23 29 22 3 6 9 10 17 7 12 21 13 8 16 18 48115.9816599017
0 4 27 5 15 24 26 32 19 20 11 25 31 28 14 30 1 2 23 29 22 8 12 17 21 3 6 9 10 16 13 7 18 46462.15897748072
0 4 27 5 15 24 26 32 19 20 11 25 31 28 14 30 1 2 23 29 22 18 6 9 10 17 7 12 21 3 8 16 13 48825.41590580084
0 4 27 5 15 24 26 32 19 20 11 25 31 28 14 30 1 2 23 29 22 18 7 6 9 10 17 12 21 3 8 16 13 48083.575750404765
0 4 27 5 15 24 26 32 19 20 11 25 31 28 14 30 1 2 23 29 22 21 3 6 9 10 7 8 12 13 17 18 16 49636.471024397244
0 4 27 5 15 24 26 32 19 20 11 25 31 28 14 30 1 2 23 29 22 18 17 21 3 6 9 10 16 7 8 12 13 48695.46842894396
0 4 27 5 15 24 26 32 19 20 11 25 31 28 14 30 1 2 23 29 22 18 3 6 9 10 17 21 7 8 12 13 16 49078.94593633496
0 4 27 5 15 24 26 32 19 20 11 25 31 28 14 30 1 2 23 29 22 18 17 3 12 13 8 16 7 6 9 10 21 49329.996855916615
0 4 27 5 15 24 26 32 19 20 11 25 31 28 14 30 1 2 23 29 22 18 17 21 6 9 10 16 13 7 8 12 3 49415.737045756716
0 4 27 5 15 24 26 32 19 20 11 25 31 28 14 30 1 2 23 29 22 3 21 18 16 8 12 17 9 10 7 6 13 50244.44759505189
0 4 27 5 15 24 26 32 19 20 11 25 31 28 14 30 1 2 23 29 22 3 6 9 10 7 18 16 13 17 21 12 8 47736.15610510068
0 4 27 5 15 24 26 32 19 20 11 25 31 28 14 30 1 2 23 29 13 21 12 10 17 6 3 22 18 7 8 9 16 44520.27290878994
0 4 27 5 15 24 26 32 19 20 11 25 31 28 14 30 1 2 23 29 13 8 12 18 3 6 9 10 17 21 22 16 7 49389.39721033734
0 4 27 5 15 24 26 32 19 20 11 25 31 28 14 30 1 2 23 29 13 8 3 6 9 10 17 21 18 16 7 12 22 49298.92032858778
0 4 27 5 15 24 26 32 19 20 11 25 31 28 14 30 1 2 23 29 22 8 16 21 6 9 10 17 3 12 13 7 18 49658.74311588438
0 4 27 5 15 24 26 32 19 20 11 25 31 28 14 30 1 2 23 29 13 8 12 10 17 16 21 3 18 7 6 9 22 45568.70603698013
0 4 27 5 15 24 26 32 19 20 11 25 31 28 14 30 1 2 23 29 22 18 16 7 6 9 10 17 21 3 12 13 8 49369.62602642354
0 4 27 5 15 24 26 32 19 20 11 25 31 28 14 30 1 2 23 29 22 17 21 3 6 9 10 16 8 12 13 7 18 47460.915899681706
0 4 27 5 15 24 26 32 19 20 11 25 31 28 14 30 1 2 23 29 13 17 16 12 21 18 3 6 9 10 22 8 7 47346.891705785514
0 4 27 5 15 24 26 32 19 20 11 25 31 28 14 30 1 2 23 29 22 12 8 10 17 21 3 6 9 7 18 16 13 46265.90501163869
0 4 27 5 15 24 26 32 19 20 11 25 31 28 14 30 1 2 23 29 22 3 17 13 7 8 16 21 12 10 6 9 18 49621.68938441267
0 4 27 5 15 24 26 32 19 20 11 25 31 28 14 30 1 2 23 29 13 8 12 21 6 9 10 16 7 22 18 3 17 48403.63417012274
0 4 27 5 15 24 26 32 19 20 11 25 31 28 14 30 1 2 23 29 22 12 10 17 16 13 8 18 3 6 9 7 21 49137.560176922496
0 4 27 5 15 24 26 32 19 20 11 25 31 28 14 30 1 2 23 29 22 12 16 13 8 18 7 6 9 10 17 3 21 48530.547803869136
0 4 27 5 15 24 26 32 19 20 11 25 31 28 14 30 1 2 23 29 13 8 12 16 21 18 17 6 9 10 7 22 3 49345.71475161089
0 4 27 5 15 24 26 32 19 20 11 25 31 28 14 30 1 2 23 29 22 3 6 9 10 17 16 21 13 8 12 7 18 47237.55265456065
0 4 27 5 15 24 26 32 19 20 11 25 31 28 14 30 1 2 23 29 13 8 12 18 7 22 3 6 9 10 17 16 21 47056.98731816815
0 4 27 5 15 24 26 32 19 20 11 25 31 28 14 30 1 2 23 29 22 8 12 17 21 3 6 9 10 16 13 18 7 46586.39084994604

*********************************
Iteracao 7001
0 4 27 5 15 24 26 32 19 20 11 25 31 28 14 30 1 2 23 29 13 8 10 12 6 9 18 3 7 16 17 22 21 47621.90408836696
0 4 27 5 15 24 26 32 19 20 11 25 31 28 14 30 1 2 23 29 13 8 10 12 6 9 18 3 7 16 17 22 21 47621.90408836696
0 4 27 5 15 24 26 32 19 20 11 25 31 28 14 30 1 2 23 29 13 8 10 12 6 9 18 3 7 16 17 22 21 47621.90408836696
0 4 27 5 15 24 26 32 19 20 11 25 31 28 14 30 1 2 23 29 13 8 10 12 6 9 18 3 7 16 17 22 21 47621.90408836696
0 4 27 5 15 24 26 32 19 20 11 25 31 28 14 30 1 2 23 29 13 8 10 12 6 9 18 3 7 16 17 22 21 47621.90408836696
0 4 27 5 15 24 26 32 19 20 11 25 31 28 14 30 1 2 23 29 13 8 10 12 6 9 18 3 7 16 17 22 21 47621.90408836696
0 4 27 5 15 24 26 32 19 20 11 25 31 28 14 30 1 2 23 29 13 8 10 12 6 9 18 3 7 16 17 22 21 47621.90408836696
0 4 27 5 15 24 26 32 19 20 11 25 31 28 14 30 1 2 23 29 13 8 10 12 6 9 18 3 7 16 17 22 21 47621.90408836696
0 4 27 5 15 24 26 32 19 20 11 25 31 28 14 30 1 2 23 29 13 8 10 12 6 9 18 3 7 16 17 22 21 47621.90408836696
0 4 27 5 15 24 26 32 19 20 11 25 31 28 14 30 1 2 23 29 13 8 10 12 6 9 18 3 7 16 17 22 21 47621.90408836696
0 4 27 5 15 24 26 32 19 20 11 25 31 28 14 30 1 2 23 29 13 8 10 12 6 9 18 3 7 16 17 22 21 47621.90408836696
0 4 27 5 15 24 26 32 19 20 11 25 31 28 14 30 1 2 23 29 13 8 10 12 6 9 18 3 7 16 17 22 21 47621.90408836696
0 4 27 5 15 24 26 32 19 20 11 25 31 28 14 30 1 2 23 29 13 8 10 12 6 9 18 3 7 16 17 22 21 47621.90408836696
0 4 27 5 15 24 26 32 19 20 11 25 31 28 14 30 1 2 23 29 13 8 10 12 6 9 18 3 7 16 17 22 21 47621.90408836696
0 4 27 5 15 24 26 32 19 20 11 25 31 28 14 30 1 2 23 29 13 8 10 12 6 9 18 3 7 16 17 22 21 47621.90408836696
0 4 27 5 15 24 26 32 19 20 11 25 31 28 14 30 1 2 23 29 13 8 10 12 6 9 18 3 7 16 17 22 21 47621.90408836696
0 4 27 5 15 24 26 32 19 20 11 25 31 28 14 30 1 2 23 29 13 8 10 12 6 9 18 3 7 16 17 22 21 47621.90408836696
0 4 27 5 15 24 26 32 19 20 11 25 31 28 14 30 1 2 23 29 13 8 10 12 6 9 18 3 7 16 17 22 21 47621.90408836696
0 4 27 5 15 24 26 32 19 20 11 25 31 28 14 30 1 2 23 29 13 8 10 12 6 9 18 3 7 16 17 22 21 47621.90408836696
0 4 27 5 15 24 26 32 19 20 11 25 31 28 14 30 1 2 23 29 13 8 10 12 6 9 18 3 7 16 17 22 21 47621.90408836696
0 4 27 5 15 24 26 32 19 20 11 25 31 28 14 30 1 2 23 29 13 8 10 12 6 9 18 3 7 16 17 22 21 47621.90408836696
0 4 27 5 15 24 26 32 19 20 11 25 31 28 14 30 1 2 23 29 13 8 10 12 6 9 18 3 7 16 17 22 21 47621.90408836696
0 4 27 5 15 24 26 32 19 20 11 25 31 28 14 30 1 2 23 29 13 8 10 12 6 9 18 3 7 16 17 22 21 47621.90408836696
0 4 27 5 15 24 26 32 19 20 11 25 31 28 14 30 1 2 23 29 13 8 10 12 6 9 18 3 7 16 17 22 21 47621.90408836696
0 4 27 5 15 24 26 32 19 20 11 25 31 28 14 30 1 2 23 29 13 8 10 12 6 9 18 3 7 16 17 22 21 47621.90408836696
0 4 27 5 15 24 26 32 19 20 11 25 31 28 14 30 1 2 23 29 13 8 10 12 6 9 18 3 7 16 17 22 21 47621.90408836696
0 4 27 5 15 24 26 32 19 20 11 25 31 28 14 30 1 2 23 29 13 8 10 12 6 9 18 3 7 16 17 22 21 47621.90408836696
0 4 27 5 15 24 26 32 19 20 11 25 31 28 14 30 1 2 23 29 13 8 10 12 6 9 18 3 7 16 17 22 21 47621.90408836696
0 4 27 5 15 24 26 32 19 20 11 25 31 28 14 30 1 2 23 29 13 8 10 12 6 9 18 3 7 16 17 22 21 47621.90408836696
0 4 27 5 15 24 26 32 19 20 11 25 31 28 14 30 1 2 23 29 13 8 10 12 6 9 18 3 7 16 17 22 21 47621.90408836696

*********************************
Iteracao 8001
0 4 27 5 15 24 26 32 19 20 11 25 31 28 14 30 1 2 23 29 13 8 10 12 6 9 18 3 7 16 17 22 21 47621.90408836696
0 4 27 5 15 24 26 32 19 20 11 25 31 28 14 30 1 2 23 29 13 8 10 12 6 9 18 3 7 16 17 22 21 47621.90408836696
0 4 27 5 15 24 26 32 19 20 11 25 31 28 14 30 1 2 23 29 13 8 10 12 6 9 18 3 7 16 17 22 21 47621.90408836696
0 4 27 5 15 24 26 32 19 20 11 25 31 28 14 30 1 2 23 29 13 8 10 12 6 9 18 3 7 16 17 22 21 47621.90408836696
0 4 27 5 15 24 26 32 19 20 11 25 31 28 14 30 1 2 23 29 13 8 10 12 6 9 18 3 7 16 17 22 21 47621.90408836696
0 4 27 5 15 24 26 32 19 20 11 25 31 28 14 30 1 2 23 29 13 8 10 12 6 9 18 3 7 16 17 22 21 47621.90408836696
0 4 27 5 15 24 26 32 19 20 11 25 31 28 14 30 1 2 23 29 13 8 10 12 6 9 18 3 7 16 17 22 21 47621.90408836696
0 4 27 5 15 24 26 32 19 20 11 25 31 28 14 30 1 2 23 29 13 8 10 12 6 9 18 3 7 16 17 22 21 47621.90408836696
0 4 27 5 15 24 26 32 19 20 11 25 31 28 14 30 1 2 23 29 13 8 10 12 6 9 18 3 7 16 17 22 21 47621.90408836696
0 4 27 5 15 24 26 32 19 20 11 25 31 28 14 30 1 2 23 29 13 8 10 12 6 9 18 3 7 16 17 22 21 47621.90408836696
0 4 27 5 15 24 26 32 19 20 11 25 31 28 14 30 1 2 23 29 13 8 10 12 6 9 18 3 7 16 17 22 21 47621.90408836696
0 4 27 5 15 24 26 32 19 20 11 25 31 28 14 30 1 2 23 29 13 8 10 12 6 9 18 3 7 16 17 22 21 47621.90408836696
0 4 27 5 15 24 26 32 19 20 11 25 31 28 14 30 1 2 23 29 13 8 10 12 6 9 18 3 7 16 17 22 21 47621.90408836696
0 4 27 5 15 24 26 32 19 20 11 25 31 28 14 30 1 2 23 29 13 8 10 12 6 9 18 3 7 16 17 22 21 47621.90408836696
0 4 27 5 15 24 26 32 19 20 11 25 31 28 14 30 1 2 23 29 13 8 10 12 6 9 18 3 7 16 17 22 21 47621.90408836696
0 4 27 5 15 24 26 32 19 20 11 25 31 28 14 30 1 2 23 29 13 8 10 12 6 9 18 3 7 16 17 22 21 47621.90408836696
0 4 27 5 15 24 26 32 19 20 11 25 31 28 14 30 1 2 23 29 13 8 10 12 6 9 18 3 7 16 17 22 21 47621.90408836696
0 4 27 5 15 24 26 32 19 20 11 25 31 28 14 30 1 2 23 29 13 8 10 12 6 9 18 3 7 16 17 22 21 47621.90408836696
0 4 27 5 15 24 26 32 19 20 11 25 31 28 14 30 1 2 23 29 13 8 10 12 6 9 18 3 7 16 17 22 21 47621.90408836696
0 4 27 5 15 24 26 32 19 20 11 25 31 28 14 30 1 2 23 29 13 8 10 12 6 9 18 3 7 16 17 22 21 47621.90408836696
0 4 27 5 15 24 26 32 19 20 11 25 31 28 14 30 1 2 23 29 13 8 10 12 6 9 18 3 7 16 17 22 21 47621.90408836696
0 4 27 5 15 24 26 32 19 20 11 25 31 28 14 30 1 2 23 29 13 8 10 12 6 9 18 3 7 16 17 22 21 47621.90408836696
0 4 27 5 15 24 26 32 19 20 11 25 31 28 14 30 1 2 23 29 13 8 10 12 6 9 18 3 7 16 17 22 21 47621.90408836696
0 4 27 5 15 24 26 32 19 20 11 25 31 28 14 30 1 2 23 29 13 8 10 12 6 9 18 3 7 16 17 22 21 47621.90408836696
0 4 27 5 15 24 26 32 19 20 11 25 31 28 14 30 1 2 23 29 13 8 10 12 6 9 18 3 7 16 17 22 21 47621.90408836696
0 4 27 5 15 24 26 32 19 20 11 25 31 28 14 30 1 2 23 29 13 8 10 12 6 9 18 3 7 16 17 22 21 47621.90408836696
0 4 27 5 15 24 26 32 19 20 11 25 31 28 14 30 1 2 23 29 13 8 10 12 6 9 18 3 7 16 17 22 21 47621.90408836696
0 4 27 5 15 24 26 32 19 20 11 25 31 28 14 30 1 2 23 29 13 8 10 12 6 9 18 3 7 16 17 22 21 47621.90408836696
0 4 27 5 15 24 26 32 19 20 11 25 31 28 14 30 1 2 23 29 13 8 10 12 6 9 18 3 7 16 17 22 21 47621.90408836696
0 4 27 5 15 24 26 32 19 20 11 25 31 28 14 30 1 2 23 29 13 8 10 12 6 9 18 3 7 16 17 22 21 47621.90408836696

*********************************
Iteracao 9001
0 4 27 5 15 24 26 32 19 20 11 25 31 28 14 30 1 2 23 29 13 8 10 12 6 9 18 3 7 16 17 22 21 47621.90408836696
0 4 27 5 15 24 26 32 19 20 11 25 31 28 14 30 1 2 23 29 13 8 10 12 6 9 18 3 7 16 17 22 21 47621.90408836696
0 4 27 5 15 24 26 32 19 20 11 25 31 28 14 30 1 2 23 29 13 8 10 12 6 9 18 3 7 16 17 22 21 47621.90408836696
0 4 27 5 15 24 26 32 19 20 11 25 31 28 14 30 1 2 23 29 13 8 10 12 6 9 18 3 7 16 17 22 21 47621.90408836696
0 4 27 5 15 24 26 32 19 20 11 25 31 28 14 30 1 2 23 29 13 8 10 12 6 9 18 3 7 16 17 22 21 47621.90408836696
0 4 27 5 15 24 26 32 19 20 11 25 31 28 14 30 1 2 23 29 13 8 10 12 6 9 18 3 7 16 17 22 21 47621.90408836696
0 4 27 5 15 24 26 32 19 20 11 25 31 28 14 30 1 2 23 29 13 8 10 12 6 9 18 3 7 16 17 22 21 47621.90408836696
0 4 27 5 15 24 26 32 19 20 11 25 31 28 14 30 1 2 23 29 13 8 10 12 6 9 18 3 7 16 17 22 21 47621.90408836696
0 4 27 5 15 24 26 32 19 20 11 25 31 28 14 30 1 2 23 29 13 8 10 12 6 9 18 3 7 16 17 22 21 47621.90408836696
0 4 27 5 15 24 26 32 19 20 11 25 31 28 14 30 1 2 23 29 13 8 10 12 6 9 18 3 7 16 17 22 21 47621.90408836696
0 4 27 5 15 24 26 32 19 20 11 25 31 28 14 30 1 2 23 29 13 8 10 12 6 9 18 3 7 16 17 22 21 47621.90408836696
0 4 27 5 15 24 26 32 19 20 11 25 31 28 14 30 1 2 23 29 13 8 10 12 6 9 18 3 7 16 17 22 21 47621.90408836696
0 4 27 5 15 24 26 32 19 20 11 25 31 28 14 30 1 2 23 29 13 8 10 12 6 9 18 3 7 16 17 22 21 47621.90408836696
0 4 27 5 15 24 26 32 19 20 11 25 31 28 14 30 1 2 23 29 13 8 10 12 6 9 18 3 7 16 17 22 21 47621.90408836696
0 4 27 5 15 24 26 32 19 20 11 25 31 28 14 30 1 2 23 29 13 8 10 12 6 9 18 3 7 16 17 22 21 47621.90408836696
0 4 27 5 15 24 26 32 19 20 11 25 31 28 14 30 1 2 23 29 13 8 10 12 6 9 18 3 7 16 17 22 21 47621.90408836696
0 4 27 5 15 24 26 32 19 20 11 25 31 28 14 30 1 2 23 29 13 8 10 12 6 9 18 3 7 16 17 22 21 47621.90408836696
0 4 27 5 15 24 26 32 19 20 11 25 31 28 14 30 1 2 23 29 13 8 10 12 6 9 18 3 7 16 17 22 21 47621.90408836696
0 4 27 5 15 24 26 32 19 20 11 25 31 28 14 30 1 2 23 29 13 8 10 12 6 9 18 3 7 16 17 22 21 47621.90408836696
0 4 27 5 15 24 26 32 19 20 11 25 31 28 14 30 1 2 23 29 13 8 10 12 6 9 18 3 7 16 17 22 21 47621.90408836696
0 4 27 5 15 24 26 32 19 20 11 25 31 28 14 30 1 2 23 29 13 8 10 12 6 9 18 3 7 16 17 22 21 47621.90408836696
0 4 27 5 15 24 26 32 19 20 11 25 31 28 14 30 1 2 23 29 13 8 10 12 6 9 18 3 7 16 17 22 21 47621.90408836696
0 4 27 5 15 24 26 32 19 20 11 25 31 28 14 30 1 2 23 29 13 8 10 12 6 9 18 3 7 16 17 22 21 47621.90408836696
0 4 27 5 15 24 26 32 19 20 11 25 31 28 14 30 1 2 23 29 13 8 10 12 6 9 18 3 7 16 17 22 21 47621.90408836696
0 4 27 5 15 24 26 32 19 20 11 25 31 28 14 30 1 2 23 29 13 8 10 12 6 9 18 3 7 16 17 22 21 47621.90408836696
0 4 27 5 15 24 26 32 19 20 11 25 31 28 14 30 1 2 23 29 13 8 10 12 6 9 18 3 7 16 17 22 21 47621.90408836696
0 4 27 5 15 24 26 32 19 20 11 25 31 28 14 30 1 2 23 29 13 8 10 12 6 9 18 3 7 16 17 22 21 47621.90408836696
0 4 27 5 15 24 26 32 19 20 11 25 31 28 14 30 1 2 23 29 13 8 10 12 6 9 18 3 7 16 17 22 21 47621.90408836696
0 4 27 5 15 24 26 32 19 20 11 25 31 28 14 30 1 2 23 29 13 8 10 12 6 9 18 3 7 16 17 22 21 47621.90408836696
0 4 27 5 15 24 26 32 19 20 11 25 31 28 14 30 1 2 23 29 13 8 10 12 6 9 18 3 7 16 17 22 21 47621.90408836696

Melhor fitness encotrado foi 42284.99575379558  na iteracao 4262